# Number of Energy transfer values
300
# Number of q values
9
# Energy transfer (micro eV) values
-119.6
-118.8
-118
-117.2
-116.4
-115.6
-114.8
-114
-113.2
-112.4
-111.6
-110.8
-110
-109.2
-108.4
-107.6
-106.8
-106
-105.2
-104.4
-103.6
-102.8
-102
-101.2
-100.4
-99.6
-98.8
-98
-97.2
-96.4
-95.6
-94.8
-94
-93.2
-92.4
-91.6
-90.8
-90
-89.2
-88.4
-87.6
-86.8
-86
-85.2
-84.4
-83.6
-82.8
-82
-81.2
-80.4
-79.6
-78.8
-78
-77.2
-76.4
-75.6
-74.8
-74
-73.2
-72.4
-71.6
-70.8
-70
-69.2
-68.4
-67.6
-66.8
-66
-65.2
-64.4
-63.6
-62.8
-62
-61.2
-60.4
-59.6
-58.8
-58
-57.2
-56.4
-55.6
-54.8
-54
-53.2
-52.4
-51.6
-50.8
-50
-49.2
-48.4
-47.6
-46.8
-46
-45.2
-44.4
-43.6
-42.8
-42
-41.2
-40.4
-39.6
-38.8
-38
-37.2
-36.4
-35.6
-34.8
-34
-33.2
-32.4
-31.6
-30.8
-30
-29.2
-28.4
-27.6
-26.8
-26
-25.2
-24.4
-23.6
-22.8
-22
-21.2
-20.4
-19.6
-18.8
-18
-17.2
-16.4
-15.6
-14.8
-14
-13.2
-12.4
-11.6
-10.8
-10
-9.2
-8.4
-7.6
-6.8
-6
-5.2
-4.4
-3.6
-2.8
-2
-1.2
-0.4
0.4
1.2
2
2.8
3.6
4.4
5.2
6
6.8
7.6
8.4
9.2
10
10.8
11.6
12.4
13.2
14
14.8
15.6
16.4
17.2
18
18.8
19.6
20.4
21.2
22
22.8
23.6
24.4
25.2
26
26.8
27.6
28.4
29.2
30
30.8
31.6
32.4
33.2
34
34.8
35.6
36.4
37.2
38
38.8
39.6
40.4
41.2
42
42.8
43.6
44.4
45.2
46
46.8
47.6
48.4
49.2
50
50.8
51.6
52.4
53.2
54
54.8
55.6
56.4
57.2
58
58.8
59.6
60.4
61.2
62
62.8
63.6
64.4
65.2
66
66.8
67.6
68.4
69.2
70
70.8
71.6
72.4
73.2
74
74.8
75.6
76.4
77.2
78
78.8
79.6
80.4
81.2
82
82.8
83.6
84.4
85.2
86
86.8
87.6
88.4
89.2
90
90.8
91.6
92.4
93.2
94
94.8
95.6
96.4
97.2
98
98.8
99.6
100.4
101.2
102
102.8
103.6
104.4
105.2
106
106.8
107.6
108.4
109.2
110
110.8
111.6
112.4
113.2
114
114.8
115.6
116.4
117.2
118
118.8
119.6
# q (1/Angstrom) values
0.3
0.5
0.7
0.9
1.1
1.3
1.5
1.7
1.9
# Group 0
0.0108747 0.00247869
0.0141145 0.00276792
0.0105795 0.00264337
0.0194057 0.00319706
0.0118222 0.00264044
0.0148533 0.00311233
0.0168101 0.00298944
0.018096 0.00298418
0.0159465 0.0031495
0.0120533 0.00276889
0.0154891 0.00290291
0.0160362 0.00294113
0.0186557 0.00324787
0.0148804 0.00306351
0.0194409 0.00350172
0.0129357 0.00284893
0.0189687 0.00299931
0.0158554 0.00307622
0.0189407 0.00325751
0.0225432 0.00341628
0.0152134 0.00302998
0.0130599 0.00297019
0.0168508 0.00326316
0.0213095 0.00361971
0.015937 0.00315061
0.0186464 0.00329152
0.01699 0.00301678
0.0140264 0.00276335
0.0247616 0.00370784
0.0138044 0.0029195
0.0207305 0.00333672
0.0217177 0.00364222
0.0183924 0.00341932
0.017135 0.00317917
0.0184011 0.00346826
0.0196751 0.00345511
0.0220935 0.00342901
0.0163235 0.00316347
0.0143929 0.00327419
0.0205565 0.00346725
0.0201764 0.0035711
0.0199985 0.00342382
0.0240335 0.00356439
0.0209492 0.00349113
0.0209543 0.00348554
0.0235764 0.00376006
0.0191451 0.00337056
0.0283417 0.00397769
0.0192378 0.0034267
0.0230142 0.00397152
0.01757 0.00345463
0.0219061 0.00368267
0.0246273 0.00383755
0.0271854 0.0037904
0.0216208 0.00362524
0.0287644 0.00393422
0.0280955 0.00391236
0.0209422 0.00393465
0.0205169 0.00346524
0.0197742 0.00350615
0.0229736 0.00367467
0.0268265 0.0038803
0.0219466 0.00365042
0.0236897 0.0037699
0.0255234 0.0038845
0.0271418 0.00389235
0.0257711 0.00380964
0.0345396 0.00440072
0.0213016 0.00378915
0.0274339 0.00396263
0.0277737 0.00394118
0.0267742 0.00380013
0.0286799 0.004224
0.0346697 0.00443924
0.0320999 0.0042643
0.0252234 0.00418764
0.0269689 0.00439147
0.0257512 0.00397722
0.0281495 0.0043515
0.0418616 0.00474504
0.0275171 0.00395849
0.025498 0.00389255
0.0285723 0.00411639
0.0324524 0.00425344
0.0262107 0.0042176
0.0235577 0.00385186
0.0331575 0.00440408
0.0337482 0.0045163
0.0292845 0.00427575
0.0322408 0.00462279
0.0350432 0.00468651
0.0369592 0.00465807
0.0410694 0.00476155
0.0402328 0.00482107
0.0373482 0.00464468
0.0309705 0.00437628
0.0420812 0.00497944
0.0443796 0.00494567
0.0418101 0.00498579
0.0410297 0.00493408
0.0332879 0.0046659
0.0588568 0.00565374
0.033174 0.00473503
0.0348043 0.00473574
0.0431856 0.0047314
0.0482521 0.00521483
0.0441575 0.00489881
0.0410722 0.00470135
0.0436944 0.00513283
0.046236 0.00506454
0.05121 0.00525133
0.0552164 0.00559416
0.0665084 0.00593481
0.0581622 0.00577075
0.0604322 0.0058115
0.0527968 0.00558233
0.0790744 0.00652955
0.0639979 0.00599148
0.0713088 0.00630388
0.0826324 0.00697352
0.0846495 0.00692363
0.0903389 0.00701407
0.0842261 0.0067518
0.0951646 0.00729736
0.100824 0.00757301
0.103564 0.00771458
0.129952 0.00822496
0.113429 0.00788356
0.143316 0.00888576
0.14162 0.00887236
0.162385 0.00953529
0.186317 0.0100699
0.190384 0.0102827
0.207687 0.0107318
0.234914 0.0115898
0.268058 0.0123716
0.323847 0.0132553
0.393485 0.0150478
0.485518 0.0165931
0.621498 0.0188806
0.856699 0.0221257
1.13044 0.0255219
1.64494 0.0308579
2.44945 0.0381568
3.85417 0.0477628
6.24739 0.0609382
10.0757 0.0778433
16.6123 0.100492
26.0519 0.126701
34.9695 0.147491
33.3796 0.144354
19.9167 0.11055
6.98125 0.0647053
1.5393 0.0301218
0.434952 0.0152566
0.316804 0.0128706
0.234545 0.0112021
0.23257 0.0109835
0.21488 0.010469
0.165156 0.00926285
0.174401 0.00969729
0.158303 0.00906634
0.149886 0.00896851
0.138161 0.00871289
0.121035 0.0081392
0.126384 0.00815732
0.11379 0.00769802
0.10555 0.00764967
0.101873 0.00738803
0.0861571 0.00705896
0.0849371 0.00691624
0.0767888 0.00669943
0.0715713 0.00635094
0.0786572 0.0065431
0.0702055 0.00617139
0.0740612 0.00640604
0.0685965 0.00612132
0.0547195 0.00544411
0.0626605 0.00599064
0.0606291 0.00580288
0.0594736 0.00561586
0.0593499 0.0056343
0.0543117 0.00535033
0.0446849 0.00513532
0.056487 0.00563964
0.047702 0.00527432
0.0499675 0.0053135
0.051023 0.00531345
0.0423886 0.00519718
0.0555108 0.0054407
0.0397652 0.00483235
0.0417299 0.00495932
0.0463782 0.00520135
0.0399359 0.00478367
0.0310223 0.00443087
0.037898 0.00480128
0.0351873 0.00454918
0.0382178 0.00475382
0.0410354 0.00479123
0.0383837 0.00473758
0.0311121 0.00432545
0.0474341 0.00513722
0.0370407 0.00465385
0.0315116 0.00450619
0.0375582 0.00476606
0.0352726 0.00444782
0.0434224 0.00490969
0.0312026 0.00441753
0.0265782 0.00428355
0.0287908 0.00425275
0.0310387 0.00412821
0.0371233 0.00471455
0.0326325 0.00442059
0.033596 0.00448677
0.0373348 0.00482544
0.0326369 0.00446627
0.026338 0.0045965
0.0350843 0.0046007
0.0350982 0.00448158
0.0313184 0.00434916
0.0244871 0.0040865
0.028916 0.00415148
0.0328716 0.00436881
0.0189814 0.00372398
0.0307122 0.00435689
0.0303438 0.00438944
0.0277737 0.00423697
0.0268721 0.00436315
0.0238988 0.00393512
0.0274194 0.0041887
0.0248248 0.00427682
0.0286863 0.00421802
0.0265476 0.00408583
0.0207702 0.0039459
0.0177469 0.00370837
0.0197801 0.00365292
0.0230967 0.00397111
0.0314893 0.00412312
0.0263652 0.00402938
0.0291756 0.00420932
0.018815 0.00399572
0.0256118 0.00419134
0.019781 0.0040125
0.0215891 0.00387623
0.0328981 0.00441293
0.0247005 0.00398211
0.0261104 0.00423949
0.0255461 0.00389519
0.021917 0.0035664
0.027983 0.00415664
0.0222583 0.00388326
0.0267619 0.00417798
0.0171516 0.00381431
0.0337363 0.00435509
0.0304293 0.00460998
0.0295103 0.00411365
0.0176794 0.00364285
0.0213 0.00389174
0.0251514 0.00376544
0.0238416 0.00385856
0.0172669 0.00361483
0.0186244 0.00386116
0.0266491 0.00416813
0.0215195 0.00375335
0.0200698 0.004133
0.0186218 0.00365426
0.0248051 0.00387591
0.0233203 0.00400906
0.0236759 0.00402361
0.022113 0.0035984
0.020061 0.00395015
0.0238069 0.004051
0.0158161 0.00329329
0.025426 0.00419133
0.0203535 0.00391641
0.0221008 0.00364251
0.0209178 0.00394969
0.0184221 0.00373274
0.0314933 0.00454128
0.0220614 0.0038809
0.0139604 0.00326314
0.0232471 0.00397414
0.0233113 0.00402917
0.0235728 0.004181
0.0199462 0.00378767
0.0174737 0.00351771
0.018384 0.00385396
0.0204051 0.00390914
0.0317015 0.00448268
0.0252737 0.00415434
0.0201182 0.00388478
0.0286493 0.00415735
0.0212228 0.00415569
0.0187814 0.00402067
0.0170948 0.00378494
0.0237752 0.00411343
0.0223726 0.00423415
0.0213755 0.00420446
0.0235691 0.00440347
0.0164366 0.0035737
# Group 1
0.0128709 0.00190839
0.0167247 0.0020989
0.0129966 0.00187361
0.0192058 0.00228839
0.01898 0.0022013
0.0147338 0.00207286
0.0163546 0.00205393
0.0193111 0.00227795
0.0171103 0.00212449
0.0126874 0.00181699
0.0165761 0.00213935
0.0197043 0.00225265
0.0177398 0.00215337
0.0179234 0.00216599
0.0195444 0.00235413
0.0165779 0.0020912
0.0166223 0.00215537
0.0147308 0.00214402
0.015352 0.00227255
0.0185801 0.0022747
0.0189486 0.00229034
0.020395 0.00234866
0.0181808 0.00228291
0.0210112 0.00235365
0.0209372 0.00237005
0.0216304 0.00242911
0.0241804 0.00251816
0.0193272 0.00233497
0.023578 0.00244259
0.0196175 0.00230058
0.0207869 0.00236864
0.0224347 0.00246091
0.0214284 0.00244682
0.0213577 0.00257336
0.023506 0.00252396
0.0226115 0.00255423
0.0202406 0.00240227
0.0201433 0.00233594
0.0223856 0.0024559
0.0246378 0.00258252
0.0246111 0.00261499
0.0184924 0.00240755
0.025458 0.00272558
0.021395 0.00246986
0.021932 0.00251733
0.0258118 0.002755
0.0225409 0.00250783
0.0242828 0.00254563
0.0260119 0.00269906
0.0321456 0.00283289
0.0233691 0.00254219
0.0249532 0.00262593
0.0293542 0.00276358
0.0272175 0.00265231
0.0261366 0.00264096
0.0223043 0.00255416
0.0250524 0.00271906
0.0300048 0.0028257
0.0282952 0.00278361
0.0301258 0.00287496
0.0249145 0.00257391
0.0296307 0.00282212
0.026805 0.00275663
0.0314146 0.00283952
0.0351173 0.00293472
0.0227339 0.00251567
0.0281666 0.0027826
0.0276776 0.00270195
0.02982 0.0027892
0.0308878 0.00292418
0.0293233 0.00280896
0.0344559 0.00302743
0.0359556 0.00306394
0.0343888 0.00304222
0.0309713 0.00285671
0.0336492 0.00292023
0.0386262 0.00313617
0.0360057 0.00310338
0.0301271 0.00295894
0.0383222 0.00316166
0.0299727 0.00291678
0.0396378 0.00319763
0.0411502 0.00323382
0.035465 0.0032018
0.0335168 0.00301058
0.0347231 0.00301952
0.0339621 0.00306636
0.0379273 0.00322242
0.0372182 0.00318935
0.0428875 0.00337841
0.0435489 0.00338677
0.039297 0.00323186
0.0398617 0.00326621
0.0438953 0.00333571
0.0435248 0.00343881
0.0425898 0.00332202
0.0368465 0.00314966
0.0463443 0.00338325
0.0459233 0.0034861
0.0487311 0.00350327
0.0462531 0.00358137
0.0486524 0.00355665
0.0554058 0.00370938
0.0421897 0.00341447
0.0512188 0.00368814
0.0519921 0.00366747
0.0609983 0.00398097
0.0514993 0.00369425
0.0544897 0.00367622
0.0612592 0.00393057
0.0587484 0.00392452
0.0546978 0.00378665
0.0667611 0.00417234
0.071723 0.00422482
0.0631342 0.00403198
0.0707659 0.0042076
0.0695568 0.00426383
0.0693051 0.00422046
0.0815356 0.00461715
0.0785071 0.00438867
0.0825688 0.00452196
0.0869835 0.00459369
0.097832 0.00492392
0.0982456 0.00498818
0.104383 0.0050842
0.106401 0.00515441
0.118119 0.0053552
0.13125 0.00559692
0.13373 0.00573023
0.148536 0.00596064
0.145445 0.00596062
0.181691 0.00669835
0.176594 0.00660032
0.204058 0.0070007
0.219315 0.00735095
0.261991 0.00795741
0.28659 0.00838415
0.347031 0.00924643
0.418552 0.0100904
0.516355 0.0112946
0.67374 0.0128168
0.918271 0.0151529
1.31996 0.0181033
1.91706 0.0219376
2.86112 0.0267081
4.41868 0.0334491
7.10034 0.0426924
11.6897 0.0550024
18.465 0.0696801
24.822 0.0814492
24.7969 0.0816074
15.8431 0.0646684
6.19451 0.0399352
1.698 0.0208121
0.577881 0.0117776
0.363219 0.00925165
0.3118 0.00847962
0.260999 0.00787687
0.229371 0.00725085
0.220686 0.00718274
0.203927 0.00690379
0.183567 0.00662406
0.173215 0.00639749
0.14992 0.00603801
0.149817 0.00599994
0.136242 0.00581119
0.134146 0.00565082
0.120651 0.00541332
0.120349 0.00538964
0.11165 0.0052562
0.104646 0.0051243
0.102046 0.00496
0.0894455 0.0046987
0.0887535 0.00472002
0.087641 0.00468634
0.0835857 0.00458688
0.0842499 0.00454162
0.0777623 0.00450255
0.0707471 0.0042203
0.0766711 0.00435397
0.0683239 0.00414621
0.0657796 0.00406418
0.0667304 0.00413596
0.059652 0.00385447
0.0661617 0.00402139
0.0536278 0.00376411
0.0619692 0.00387407
0.0560412 0.00378034
0.0555274 0.00386912
0.0520207 0.00373754
0.0460634 0.00350304
0.0479194 0.00356509
0.046372 0.00355055
0.0473393 0.00347784
0.0465205 0.00349735
0.0431354 0.00335359
0.0428181 0.00331274
0.0484209 0.00359719
0.0423966 0.00350876
0.0447124 0.00345271
0.0431137 0.00346533
0.0401845 0.00330472
0.0378257 0.00320372
0.0430627 0.00333381
0.0386265 0.0031351
0.0419737 0.00333272
0.0347225 0.00304512
0.0383156 0.00319551
0.0442749 0.00340177
0.0352803 0.00314158
0.0428871 0.00335944
0.0335366 0.00308783
0.033419 0.00308036
0.0336659 0.00292576
0.0347317 0.00310038
0.0305709 0.00296009
0.0347653 0.00311293
0.0408346 0.00325844
0.028913 0.00286129
0.0311063 0.00296291
0.0372228 0.00322573
0.0381273 0.00314513
0.0351602 0.00304958
0.0360585 0.00315725
0.0286087 0.00277879
0.0292085 0.00293503
0.0296009 0.00290757
0.0359604 0.00311259
0.0295262 0.00299656
0.0301565 0.00291527
0.0214731 0.00273722
0.0314348 0.00287399
0.0274974 0.00286376
0.0262332 0.00294189
0.0337368 0.00297031
0.0262082 0.00279068
0.027185 0.00285173
0.0293408 0.00281575
0.0301793 0.00292715
0.0284638 0.00291381
0.0297812 0.00290144
0.0329532 0.00300002
0.0278878 0.00291677
0.0240126 0.00269275
0.028052 0.00293135
0.0249948 0.00268125
0.0218145 0.00279966
0.0276138 0.00285014
0.0254005 0.00271287
0.0231796 0.00280371
0.0274273 0.00275895
0.031109 0.00293683
0.0291756 0.0029605
0.0288258 0.00277585
0.0232891 0.00273537
0.0263934 0.00282091
0.0275128 0.00273764
0.0235162 0.00256228
0.0287519 0.00287413
0.0230769 0.00261924
0.0252906 0.0027115
0.0261324 0.00264741
0.0221087 0.00264713
0.0210043 0.00254407
0.0268692 0.00270269
0.0229826 0.00265478
0.0220858 0.00253647
0.0174337 0.00241585
0.0231021 0.00258901
0.0201299 0.00257407
0.0255144 0.00265776
0.021147 0.00245952
0.0212532 0.00265739
0.0200073 0.00253283
0.0245548 0.00275543
0.0209765 0.00249993
0.0222875 0.00254184
0.0176734 0.00241722
0.0229299 0.00273827
0.0189721 0.00241072
0.022562 0.00261223
0.0240454 0.00261202
0.0229098 0.00271935
0.0207491 0.00260744
0.0213371 0.00257165
0.0227151 0.00268639
0.0224781 0.00255683
0.030248 0.00294853
0.0239117 0.00260817
0.0188619 0.00254109
0.0243751 0.00276259
0.0239178 0.00277577
0.0251381 0.00273901
0.0206397 0.00266532
0.0232226 0.00276438
0.0215547 0.00280212
0.0271777 0.0030469
0.0228442 0.0029564
0.0242569 0.00287989
0.0247007 0.00290222
# Group 2
0.021538 0.00238988
0.0173696 0.00216769
0.0198968 0.00233622
0.0218261 0.00251702
0.0176801 0.0022397
0.0172123 0.00218022
0.0178921 0.00224579
0.0219011 0.00241827
0.0196271 0.00242219
0.0208881 0.00237456
0.0218133 0.00247456
0.0229738 0.00268869
0.0250319 0.00272859
0.0226345 0.00254318
0.0232893 0.00260662
0.025449 0.00271201
0.0227461 0.00262862
0.023742 0.00257916
0.0301611 0.00283225
0.0271536 0.0027142
0.0236097 0.00262661
0.0236844 0.00273393
0.028717 0.00293922
0.0285057 0.00279396
0.0251793 0.00276382
0.0274336 0.00292565
0.0253779 0.00280029
0.0286833 0.00296258
0.0232509 0.00267942
0.0257545 0.00269567
0.0252788 0.00289263
0.0302397 0.00292946
0.0260971 0.00293245
0.0281683 0.00287304
0.0269795 0.00292563
0.026087 0.00289893
0.0264923 0.00275455
0.0281503 0.00299094
0.0269619 0.00309438
0.0263286 0.00289288
0.0302604 0.00295706
0.0311772 0.00306928
0.0313638 0.00306713
0.0290071 0.00303262
0.0275769 0.0028878
0.0310753 0.00299991
0.0335535 0.00322395
0.0280894 0.0029927
0.0356984 0.00327309
0.0339804 0.00315797
0.0337441 0.00324278
0.0345813 0.00318744
0.0342272 0.00321601
0.0319658 0.00309353
0.0298501 0.00313519
0.0304636 0.0030315
0.0220813 0.00275533
0.0335473 0.00311745
0.0301779 0.00323117
0.0309817 0.00306266
0.0335188 0.00300941
0.0376736 0.00318064
0.039905 0.00343725
0.0345229 0.00314056
0.0346816 0.00328788
0.0363163 0.00337802
0.039885 0.00336055
0.0417675 0.00339268
0.0376179 0.00342868
0.0406773 0.00344273
0.0347006 0.0032301
0.0460764 0.00349105
0.0355148 0.00323954
0.0383838 0.0034888
0.0409108 0.00335797
0.041368 0.00355466
0.0403631 0.00348625
0.0414882 0.00353516
0.0412964 0.00354596
0.0392059 0.0035219
0.0449856 0.00366417
0.0445264 0.00356041
0.0401114 0.00352234
0.0412434 0.00346175
0.0459291 0.00367546
0.0401832 0.00346528
0.0531181 0.0038651
0.0477825 0.00385677
0.0455791 0.00359329
0.0512118 0.00390311
0.0553255 0.00383141
0.0462297 0.00372626
0.0489539 0.00382822
0.0498285 0.00377852
0.0566031 0.00399904
0.0472002 0.00370738
0.0500208 0.0037591
0.0544879 0.00379398
0.0597581 0.00411747
0.0538744 0.0039838
0.0512113 0.00398749
0.0640844 0.00423492
0.0608195 0.00412463
0.0564038 0.0040833
0.0642751 0.00420911
0.0659804 0.00435322
0.0660699 0.00435079
0.0597612 0.0041404
0.0691899 0.00434641
0.079874 0.00467251
0.0647589 0.0042087
0.0682776 0.00436551
0.0673541 0.00428732
0.0675286 0.00435669
0.0807342 0.00467068
0.0869609 0.00491642
0.0767803 0.00462989
0.0916053 0.00496359
0.0843308 0.00479678
0.0949448 0.00499245
0.110484 0.00537904
0.103891 0.00526973
0.112885 0.00543483
0.120449 0.00568564
0.126696 0.00578074
0.139447 0.00614213
0.135983 0.00598465
0.15633 0.00640585
0.159592 0.00642153
0.158841 0.00649147
0.173863 0.00676248
0.172553 0.00681304
0.19927 0.00731062
0.21938 0.00757304
0.250719 0.00806254
0.274687 0.008508
0.302829 0.00886162
0.357431 0.00965739
0.429854 0.0105839
0.539951 0.0118152
0.674432 0.0132649
0.896188 0.0153411
1.254 0.0181588
1.78476 0.0217576
2.62439 0.0264339
4.03705 0.0329403
6.42026 0.0416979
10.3861 0.0533266
16.5772 0.0677929
22.9168 0.0802507
24.1146 0.0824429
16.1469 0.0670807
6.53013 0.0421521
1.71555 0.0216856
0.596326 0.0126017
0.408078 0.0103605
0.355554 0.00963074
0.313833 0.00899932
0.298064 0.00876925
0.255458 0.0080957
0.239884 0.00788625
0.226462 0.00767992
0.207523 0.00732314
0.196108 0.00717488
0.192412 0.00714455
0.169259 0.00674556
0.161346 0.00650808
0.148284 0.00633892
0.154194 0.00642114
0.140664 0.00616005
0.12965 0.0059023
0.114978 0.00564663
0.118673 0.00552416
0.108443 0.00542796
0.109905 0.00548262
0.109916 0.00547386
0.100724 0.0052568
0.101077 0.00522824
0.0953519 0.00509159
0.0818211 0.00478071
0.09506 0.00501807
0.0811054 0.00481242
0.0908763 0.00496873
0.0717287 0.00454787
0.0775346 0.00461398
0.068648 0.00443651
0.0783602 0.00467011
0.0714914 0.00453705
0.0564959 0.0040577
0.0604956 0.00422883
0.0691362 0.00433432
0.0701178 0.00445817
0.0687385 0.00439053
0.0638237 0.00416639
0.0543307 0.0040918
0.0549164 0.00412544
0.0506323 0.00390662
0.0555359 0.00392296
0.0549635 0.00400911
0.0514211 0.00386628
0.0466296 0.00379006
0.0531073 0.00402385
0.0510533 0.00382224
0.0502591 0.00379222
0.0556488 0.00398391
0.0486277 0.00374519
0.0501945 0.00390407
0.0562904 0.00407256
0.045742 0.00374621
0.0428995 0.00367062
0.0456613 0.00375447
0.0464278 0.00369551
0.0439245 0.00365088
0.049077 0.00384446
0.044177 0.00371732
0.0399797 0.00347144
0.0424804 0.00368388
0.03833 0.00350695
0.0376863 0.00335808
0.0328661 0.00324712
0.036594 0.00343778
0.0414855 0.00356312
0.0432519 0.00349375
0.0422916 0.00355245
0.0347944 0.00327968
0.0351961 0.00334043
0.0356751 0.00330714
0.0363039 0.00338395
0.0379187 0.00342273
0.037775 0.00339703
0.031666 0.00324992
0.0348881 0.00325454
0.040118 0.00352681
0.0320368 0.00327067
0.0412013 0.00348683
0.037978 0.00340384
0.0382239 0.00343846
0.0425719 0.003679
0.0341852 0.00323585
0.0303667 0.00320503
0.034942 0.00337121
0.0307687 0.00321106
0.0334334 0.00315036
0.0319823 0.00324249
0.0353215 0.00332284
0.0328788 0.00327284
0.0308383 0.00323945
0.0304457 0.0031528
0.0375014 0.00346962
0.0329573 0.00320015
0.0300204 0.0030578
0.0348791 0.00324592
0.0309625 0.00313394
0.03084 0.00312127
0.0273832 0.00299755
0.023877 0.00291541
0.0330969 0.00317619
0.0319023 0.00310048
0.0286022 0.00316749
0.0277268 0.00312566
0.0302483 0.00305511
0.0251832 0.00308688
0.0268912 0.00304609
0.0271537 0.00293315
0.0263788 0.0029522
0.0308411 0.00318611
0.0294113 0.00305641
0.0260574 0.00305455
0.0258174 0.00293236
0.0281623 0.00303979
0.0301783 0.00319736
0.0298758 0.0031587
0.0293327 0.00314516
0.0262194 0.00309982
0.027353 0.00308297
0.0279081 0.00306141
0.0227706 0.00282698
0.0224024 0.00285076
0.0226596 0.00286185
0.0259534 0.00301151
0.0256584 0.00300675
0.0281073 0.00294774
0.0304345 0.00302088
0.0289544 0.00319909
0.033369 0.00327313
0.0309878 0.0030811
0.0278871 0.00318889
0.0278694 0.00308279
0.0259656 0.00296236
0.0294234 0.00319287
0.0277272 0.00305984
0.0250005 0.00305623
0.0267605 0.00291551
0.024827 0.00315286
0.0293582 0.00324897
0.0285832 0.00326247
0.0268958 0.00323517
0.0231564 0.00299045
0.0236509 0.0031589
0.0275546 0.00331985
# Group 3
0.023918 0.00267628
0.0202613 0.00262547
0.0245144 0.00270524
0.0245691 0.00271091
0.0262735 0.00273956
0.025805 0.00282902
0.0229575 0.00272384
0.0248193 0.0027302
0.0264526 0.00280496
0.0252273 0.00279095
0.0278276 0.00279883
0.0263314 0.00281018
0.0239198 0.00282727
0.0268705 0.00290904
0.0301522 0.00294578
0.0283988 0.00290232
0.02707 0.00288526
0.0230756 0.00276521
0.0297387 0.003017
0.0234181 0.002754
0.0308077 0.00304344
0.030942 0.00305924
0.0250609 0.00291634
0.0297383 0.00303865
0.0365075 0.00338252
0.0330164 0.00316311
0.0297222 0.00300282
0.0281281 0.00294981
0.0360727 0.00333843
0.030219 0.00314119
0.0373133 0.00335515
0.029158 0.00305695
0.0334468 0.0034034
0.0363377 0.0033992
0.0342101 0.00340059
0.0328969 0.00331565
0.0310749 0.00315794
0.0368998 0.00337617
0.0323448 0.00326546
0.033055 0.00335959
0.0312474 0.0032697
0.0358488 0.00338924
0.0296131 0.00318769
0.0334162 0.00332042
0.0357571 0.00352104
0.0411325 0.00366666
0.0399181 0.00364644
0.0353323 0.00360065
0.0390232 0.00380224
0.0424565 0.00364464
0.0399647 0.00368184
0.0340932 0.00351247
0.0369286 0.00360669
0.0280657 0.00320063
0.0423663 0.00375749
0.0415356 0.0037559
0.0343523 0.00337375
0.0404659 0.00369975
0.0433921 0.00366946
0.0369966 0.00365294
0.0424299 0.00359199
0.0442123 0.00381689
0.0466567 0.00393291
0.043576 0.0037651
0.0440995 0.0037677
0.0368021 0.00343416
0.0376585 0.00376686
0.0393513 0.00355801
0.0493701 0.00386336
0.0433333 0.00371673
0.0388323 0.00361609
0.0470225 0.00401612
0.0482374 0.00388874
0.0485588 0.00387412
0.050556 0.00393437
0.0401896 0.00378818
0.0482313 0.00393048
0.0532843 0.00405061
0.0589989 0.00429072
0.0421376 0.00386594
0.0500152 0.00403223
0.0459561 0.00389402
0.0619954 0.00426471
0.0552243 0.00421915
0.0544894 0.00405283
0.0463727 0.00385166
0.0602397 0.00428342
0.0582578 0.00420521
0.0612148 0.00421006
0.0612353 0.00434096
0.0687509 0.00446115
0.0569631 0.00420237
0.0564812 0.00415291
0.0614136 0.00427511
0.052239 0.00418401
0.0629539 0.00450192
0.0668373 0.00450195
0.0724897 0.00466153
0.0698339 0.00463784
0.0785631 0.00480915
0.0689089 0.00463399
0.0772044 0.00476348
0.0844112 0.00501648
0.0804545 0.00498193
0.0803636 0.00492561
0.0823717 0.0048708
0.0789128 0.00486429
0.0889169 0.00508053
0.079819 0.00494752
0.0856125 0.00500552
0.0890773 0.0050823
0.0946659 0.00517602
0.10865 0.00548219
0.104188 0.00538122
0.104097 0.00548159
0.111394 0.00559092
0.10852 0.0054996
0.114143 0.00575178
0.121044 0.00591519
0.132658 0.00609461
0.116333 0.00579036
0.142555 0.00630259
0.134282 0.00609686
0.146082 0.00642726
0.154022 0.00656058
0.164774 0.00675891
0.16948 0.00687381
0.177926 0.00698295
0.201647 0.00736255
0.215362 0.00765064
0.221892 0.00772853
0.243583 0.0081114
0.250055 0.00830019
0.268088 0.00852866
0.294473 0.00895316
0.325568 0.00934323
0.356715 0.00974257
0.43036 0.0108058
0.494737 0.0115368
0.587161 0.0125491
0.77663 0.0143879
0.985116 0.0161875
1.28874 0.0185412
1.8529 0.0224406
2.77179 0.0273434
4.13943 0.0335255
6.63745 0.0426032
10.6537 0.0542462
16.8462 0.0686638
23.8223 0.0819181
25.4704 0.0850943
17.4917 0.069925
6.80102 0.0431011
1.89797 0.0228068
0.727966 0.0139139
0.519532 0.0117665
0.454589 0.010938
0.389752 0.0100882
0.358484 0.00964048
0.323022 0.00922062
0.301496 0.0089199
0.278501 0.00856514
0.259563 0.00823283
0.245506 0.00804791
0.233458 0.00788535
0.207311 0.00751188
0.204127 0.00735634
0.181866 0.00698605
0.173682 0.00683577
0.165995 0.00669524
0.171072 0.00679317
0.159494 0.00651267
0.153071 0.00634632
0.133999 0.00598958
0.138641 0.00607811
0.136824 0.00605347
0.126805 0.00589356
0.129722 0.00583629
0.112595 0.00558403
0.106195 0.00540381
0.110199 0.00548013
0.0973036 0.00518867
0.105405 0.00539947
0.0993458 0.0052781
0.0920168 0.00502006
0.0930948 0.00505339
0.0914415 0.00507013
0.0870829 0.00493792
0.0891852 0.00496572
0.0817758 0.00488831
0.0912674 0.00514698
0.0775556 0.0045945
0.0831487 0.00480821
0.0794436 0.00476508
0.0729226 0.00453062
0.0745915 0.00453518
0.0742385 0.00460942
0.07967 0.00469424
0.0730148 0.0045841
0.0673335 0.00439283
0.0634553 0.0043064
0.0654577 0.00433808
0.0640528 0.00435225
0.065726 0.00439683
0.0578249 0.00408788
0.0604172 0.00423225
0.0576054 0.00412301
0.0556187 0.00408667
0.0546246 0.00399477
0.0526918 0.00394539
0.0571349 0.00408127
0.0625424 0.00423547
0.0559771 0.00416827
0.0507448 0.00389288
0.0515167 0.00394735
0.0580204 0.00412439
0.0533753 0.00394069
0.0597331 0.00417613
0.0589751 0.00418791
0.0503851 0.00387283
0.0584492 0.00408102
0.0472478 0.00384119
0.0582187 0.00412051
0.0521633 0.00391644
0.0517178 0.0039062
0.0521718 0.00400804
0.0465595 0.00370141
0.0492763 0.00386212
0.0464027 0.00372489
0.0508286 0.00383809
0.0548369 0.00405368
0.0446681 0.00374074
0.0493972 0.00388693
0.0467776 0.00372807
0.0422488 0.00364253
0.0458942 0.0036471
0.0455073 0.00369844
0.0383395 0.00354973
0.0415376 0.00358
0.0467523 0.00381922
0.0449885 0.00371166
0.0463903 0.00369318
0.0426741 0.00375108
0.0456503 0.00361049
0.0425079 0.00354056
0.0407341 0.00368228
0.0387661 0.00350254
0.045528 0.00368723
0.0404927 0.00369377
0.0390505 0.00350484
0.0443782 0.00371867
0.0447445 0.00369842
0.0356054 0.00341509
0.0461534 0.00370152
0.0344777 0.00346759
0.0390019 0.00356993
0.0326199 0.00316817
0.03789 0.00335724
0.0371369 0.00348003
0.0395741 0.00343912
0.0304082 0.00317229
0.0351382 0.00340206
0.0400401 0.00346898
0.0314365 0.00327718
0.0472522 0.00368731
0.0369248 0.00346732
0.0321027 0.00330149
0.0337927 0.00333841
0.0376119 0.00327839
0.0328248 0.00332654
0.0356747 0.0033693
0.0450076 0.00361809
0.0341786 0.00339346
0.0362252 0.00359191
0.036927 0.00328115
0.0354155 0.00333945
0.0300013 0.00327898
0.0349316 0.00346818
0.0341317 0.00344122
0.0350732 0.00339782
0.034115 0.00342322
0.0314457 0.00334423
0.0368009 0.00345632
0.031126 0.00327034
0.0297448 0.00310761
0.0330339 0.0034009
0.0316137 0.00336708
0.0230202 0.0031091
0.034386 0.00333619
0.0353523 0.0036017
0.0360118 0.00349873
0.0372869 0.00338597
0.0357391 0.00353669
0.0267925 0.00337704
0.0352863 0.00342777
0.0364292 0.0037127
0.0347148 0.00352275
0.0369169 0.00369674
0.0361945 0.00361783
0.0353598 0.00372058
# Group 4
0.0323572 0.00331736
0.0267302 0.00303638
0.036381 0.0034107
0.0330263 0.00343391
0.0304534 0.00327454
0.0276439 0.00313207
0.0295244 0.00326383
0.0309598 0.0032515
0.0259111 0.00323857
0.0255426 0.00303935
0.0300013 0.00322413
0.0349087 0.00344912
0.0274213 0.00321266
0.032209 0.00347815
0.0309099 0.00325036
0.0298973 0.00325583
0.0376402 0.00351038
0.0373463 0.00365204
0.0339863 0.00363714
0.0370794 0.00356688
0.0371464 0.00362423
0.0343419 0.00355289
0.0399587 0.00373447
0.0393962 0.00369669
0.0409707 0.00384424
0.037781 0.00379707
0.0443663 0.00387387
0.0375594 0.00361944
0.0478541 0.0040433
0.0358627 0.0037355
0.0367846 0.00378019
0.0362264 0.00361723
0.0411209 0.00386489
0.0432252 0.00379253
0.0458855 0.00397926
0.0362523 0.00356363
0.043653 0.00395804
0.0476958 0.00401479
0.0458318 0.00393814
0.045367 0.00393643
0.0446703 0.00395614
0.0481588 0.00395488
0.0428736 0.00394455
0.0393516 0.00393053
0.0532339 0.00426868
0.040293 0.00389043
0.0414517 0.00392439
0.0524303 0.00414649
0.0523991 0.00403893
0.0412584 0.00391335
0.0473879 0.00403752
0.0453159 0.00412796
0.0528155 0.00431654
0.0502466 0.00416413
0.0537743 0.00424498
0.0477076 0.00420487
0.0512101 0.00410133
0.0500979 0.00424699
0.0533685 0.00432746
0.0548102 0.00442715
0.054458 0.00434988
0.0539359 0.00430715
0.057903 0.00448596
0.0497355 0.00426044
0.0555426 0.00438513
0.0539099 0.00423289
0.0600439 0.00460598
0.057583 0.00450288
0.0593778 0.00450882
0.0610025 0.00453819
0.0601213 0.00463195
0.063787 0.00463967
0.0636817 0.00469755
0.0578108 0.00446796
0.0657358 0.00475163
0.0634426 0.00469203
0.0563389 0.00464317
0.0645745 0.00475107
0.0575668 0.00454001
0.0654947 0.00482427
0.0677286 0.00481009
0.0597631 0.00476062
0.071008 0.00487524
0.0727281 0.00504961
0.0834171 0.00537668
0.0747349 0.00503973
0.0694949 0.00503588
0.0693803 0.00503961
0.0678779 0.00509954
0.0726091 0.00506298
0.0842086 0.00530063
0.0799908 0.00538397
0.0788061 0.00532116
0.085769 0.00539522
0.0784801 0.00528651
0.0815385 0.00543366
0.0811245 0.00535138
0.0920178 0.00568958
0.0943945 0.00566813
0.0892971 0.00555995
0.0920879 0.00561507
0.100505 0.00579357
0.102335 0.00584964
0.100401 0.00581165
0.0905132 0.0055908
0.103977 0.00597527
0.106653 0.00601149
0.108727 0.00596855
0.109018 0.00606925
0.0998724 0.00596772
0.118171 0.00623298
0.121967 0.00639632
0.116984 0.00620372
0.12886 0.00644781
0.13029 0.00652352
0.136375 0.00680298
0.14177 0.00679997
0.147766 0.00693178
0.148159 0.00699958
0.15753 0.00711711
0.169763 0.00749325
0.174701 0.0074483
0.177409 0.00760441
0.194058 0.00787831
0.200486 0.00810738
0.208092 0.0082104
0.208329 0.00811686
0.22174 0.00846326
0.240413 0.00879084
0.267098 0.00920123
0.288934 0.00952771
0.295695 0.00967976
0.306931 0.00987095
0.328742 0.0101972
0.382327 0.0109418
0.385182 0.0110492
0.466857 0.012078
0.503451 0.0126203
0.614952 0.0138363
0.683012 0.0146346
0.877241 0.0165482
1.15446 0.0190834
1.57512 0.0221954
2.11917 0.0260636
3.08765 0.0314407
4.69465 0.0387301
7.35141 0.0488695
11.6637 0.0617507
18.3474 0.077997
25.0512 0.0915506
25.5493 0.0923121
16.6434 0.0739343
6.74108 0.04658
2.10436 0.0259003
0.850263 0.0162706
0.637046 0.0140996
0.544727 0.0130374
0.47723 0.0121313
0.439743 0.0116471
0.399637 0.0110808
0.374657 0.010735
0.356212 0.0105204
0.303519 0.00974357
0.306964 0.00975351
0.288751 0.00944764
0.273139 0.0091801
0.241259 0.00874844
0.239113 0.00868397
0.226368 0.00843998
0.212031 0.00821937
0.198799 0.0079768
0.200358 0.00787502
0.184989 0.00765758
0.187142 0.00768395
0.169839 0.0072505
0.165642 0.00732057
0.156194 0.0071317
0.155447 0.00702655
0.158396 0.00706464
0.146564 0.00693338
0.139851 0.00668468
0.148363 0.00682038
0.121627 0.00616704
0.123522 0.0063733
0.125111 0.00632494
0.122865 0.00630679
0.126622 0.00630335
0.111406 0.00608286
0.101456 0.00576794
0.122201 0.00626453
0.0998884 0.00579542
0.0973559 0.00578344
0.0976184 0.00569333
0.0929951 0.00558661
0.0905953 0.00552972
0.0953998 0.0056714
0.0916418 0.00556446
0.0927733 0.00549461
0.0937429 0.00556085
0.0908642 0.00547665
0.0965388 0.00563886
0.0928257 0.0055361
0.0701733 0.00497596
0.0829223 0.00529533
0.0843203 0.00534369
0.0829514 0.00529911
0.0764282 0.00499905
0.0764193 0.00508922
0.0748281 0.00500581
0.0730492 0.00502691
0.0877258 0.00533301
0.078409 0.00515359
0.077364 0.0051008
0.0722236 0.00497991
0.0649481 0.00488391
0.0700396 0.00503467
0.0701159 0.00501745
0.0660969 0.00475944
0.0719242 0.00493692
0.0571527 0.00443756
0.0662186 0.00472168
0.0584285 0.00464166
0.0663593 0.00474571
0.0673834 0.00480755
0.0604887 0.00473359
0.0525656 0.00451445
0.047482 0.00433628
0.0574921 0.00456767
0.0634535 0.00469639
0.0572104 0.00460627
0.0578806 0.00451861
0.053967 0.00443382
0.0577808 0.00457276
0.0628353 0.00473975
0.058197 0.0045742
0.0577892 0.00454902
0.0516455 0.00435257
0.0514993 0.00428372
0.0558455 0.00459123
0.0536058 0.00431454
0.0463689 0.004222
0.0541479 0.00447083
0.0480932 0.00433972
0.0501265 0.00427751
0.0583678 0.00456378
0.0515549 0.00427628
0.0531947 0.0044205
0.0475806 0.00423525
0.0452799 0.00412774
0.0405576 0.00411638
0.0484062 0.00428672
0.0460019 0.00426428
0.0466239 0.00430166
0.057487 0.00458969
0.0502694 0.00425944
0.0425174 0.00417943
0.0485111 0.00421538
0.0510639 0.00437676
0.0505198 0.00434419
0.0486519 0.00419018
0.0423309 0.00402394
0.051643 0.00425244
0.0512406 0.00425656
0.04403 0.00411159
0.0419566 0.00396573
0.047426 0.00431521
0.0415504 0.00405031
0.0536809 0.0043865
0.0400432 0.00408007
0.0368568 0.00390147
0.0408409 0.00392993
0.0486677 0.00433224
0.0462706 0.00410665
0.043887 0.00396825
0.0430245 0.00417714
0.043254 0.0039219
0.0344541 0.00370596
0.0403587 0.0039001
0.0415327 0.00403612
0.040657 0.00385896
0.0389654 0.00388601
0.0442545 0.00409905
0.0410195 0.00400784
0.049054 0.00422668
0.0433898 0.00407129
0.0461705 0.00418655
0.0426876 0.00414785
0.050372 0.00435673
0.0412674 0.00401333
0.0372305 0.00390456
0.037784 0.00411122
0.0440445 0.00416404
0.0429512 0.00416124
0.0364447 0.00394673
0.0470203 0.00436551
0.0460624 0.00449029
0.0382505 0.00403893
0.0372894 0.00410042
0.0451009 0.00468359
0.0464864 0.00460114
# Group 5
0.0315968 0.00306965
0.031957 0.0030916
0.0305241 0.00302638
0.0300177 0.00305558
0.0336416 0.00318036
0.0339463 0.00318297
0.0286222 0.00290832
0.0294453 0.00302985
0.0326198 0.00313634
0.0302667 0.00302353
0.0340657 0.00318955
0.0309443 0.0031678
0.0386258 0.00330609
0.0295956 0.00312127
0.0314126 0.00314962
0.0293523 0.00308819
0.0373841 0.00344005
0.0315809 0.00313466
0.0342743 0.00323786
0.0365569 0.00325209
0.0379645 0.00332208
0.0298638 0.00294179
0.0422312 0.00358743
0.0319402 0.00316798
0.0422992 0.00361081
0.0403517 0.00347353
0.0407948 0.00358738
0.0387874 0.00343006
0.0351774 0.003368
0.0413489 0.00359378
0.0372732 0.00344869
0.0345108 0.00340604
0.0394052 0.00343179
0.0506798 0.0037957
0.0459423 0.00367577
0.044494 0.00359507
0.0324597 0.00318875
0.0457461 0.00367447
0.041954 0.00363435
0.0471302 0.00366647
0.0484331 0.00372379
0.0434931 0.00361921
0.039609 0.00353934
0.0439477 0.0036509
0.0434296 0.00362446
0.0470587 0.0037779
0.0455721 0.00371637
0.047658 0.00375588
0.0437978 0.00367881
0.0475538 0.00380724
0.0582837 0.00406101
0.0368009 0.00347236
0.0496404 0.00400726
0.053562 0.00404455
0.0515857 0.00386173
0.0476313 0.00379452
0.0496541 0.00392144
0.054477 0.00393071
0.0586446 0.00417738
0.0576368 0.00405257
0.0471209 0.00375892
0.0510355 0.00384546
0.0512076 0.00408475
0.0531674 0.003957
0.0548815 0.00398135
0.0497379 0.00391494
0.0569575 0.0039708
0.0568299 0.00392893
0.0623142 0.00417899
0.0536346 0.00395069
0.0554565 0.00402049
0.0670882 0.00429438
0.0670023 0.00424133
0.0547372 0.00392774
0.0678058 0.00438577
0.0720412 0.00440826
0.0611013 0.00420049
0.0573451 0.00397832
0.05908 0.00411613
0.073894 0.00443616
0.0678002 0.00430235
0.065163 0.00425915
0.0646179 0.00415702
0.0629654 0.00420795
0.0667879 0.00421344
0.0627683 0.00423073
0.0657962 0.00429021
0.0635564 0.00419307
0.0668883 0.00425863
0.0722589 0.00451111
0.0772239 0.00454198
0.0752168 0.00461934
0.0762551 0.00454506
0.0821464 0.0046363
0.0700215 0.00453077
0.0804635 0.0046684
0.0780672 0.00461766
0.0679731 0.00442371
0.0878807 0.00480982
0.0888621 0.00494111
0.0907074 0.00486831
0.0910836 0.00491191
0.0919654 0.00496804
0.0949791 0.00497279
0.103063 0.00517117
0.10466 0.00525064
0.108995 0.00527291
0.0965469 0.00504247
0.104056 0.00515074
0.103813 0.00526161
0.104783 0.00526558
0.120832 0.00566792
0.117 0.00558499
0.129381 0.00577997
0.129651 0.00578696
0.128854 0.00574561
0.13746 0.00593503
0.137405 0.00595834
0.137777 0.00603305
0.141457 0.00606365
0.150718 0.00624333
0.157445 0.00633828
0.163794 0.00651102
0.165955 0.00657742
0.179924 0.00685087
0.186525 0.00688831
0.205367 0.00723787
0.203836 0.00721785
0.238594 0.00774129
0.217915 0.00739771
0.249753 0.00795675
0.269854 0.0082535
0.280747 0.00836955
0.288703 0.00851604
0.330667 0.00910418
0.375982 0.00974786
0.412633 0.0102056
0.451418 0.0107149
0.534471 0.011595
0.607463 0.0123425
0.769602 0.0140195
0.963217 0.0157721
1.20812 0.0177494
1.71569 0.0211744
2.39908 0.0250836
3.64202 0.0309964
5.57237 0.0387116
9.01498 0.0493214
14.1649 0.0621382
19.8343 0.0738601
21.6666 0.0771755
15.1168 0.0638846
6.20216 0.0406472
1.94176 0.0225993
0.82811 0.0144527
0.586065 0.0121057
0.53352 0.0114862
0.46425 0.0107435
0.413474 0.0100972
0.373261 0.00960634
0.361493 0.00946731
0.327429 0.00902397
0.315928 0.0088311
0.292683 0.00857522
0.27583 0.00829848
0.266437 0.0081698
0.256301 0.00795507
0.242272 0.00776282
0.203526 0.00724877
0.197565 0.00699703
0.20123 0.0070628
0.18102 0.00683485
0.181 0.00672538
0.17083 0.00658135
0.170774 0.00655005
0.150908 0.00618491
0.147579 0.00608261
0.151525 0.00617111
0.14099 0.00605595
0.13546 0.00588009
0.134798 0.00584989
0.123468 0.0056093
0.1271 0.00565291
0.116371 0.00545424
0.117153 0.00546225
0.113924 0.00538786
0.107136 0.00528118
0.105105 0.00521352
0.109735 0.00533377
0.111892 0.00537697
0.0994394 0.00505333
0.101059 0.00509873
0.0961842 0.00506178
0.101212 0.00512882
0.0936553 0.00498627
0.0901838 0.0048508
0.092025 0.00492093
0.0856688 0.00481848
0.0879335 0.00486225
0.0857202 0.00479577
0.0816382 0.00460442
0.0855306 0.00471012
0.0755768 0.00455549
0.0726464 0.00443842
0.0778582 0.00457933
0.0793824 0.00459763
0.0790831 0.0046026
0.0732884 0.00440933
0.0771118 0.0045663
0.0724283 0.00437589
0.0697609 0.00429914
0.06962 0.00440369
0.0698072 0.00444146
0.0723216 0.00443577
0.0668578 0.00426325
0.0660319 0.00426272
0.0635442 0.00427169
0.0655434 0.0042611
0.0626833 0.0042283
0.0661394 0.00434884
0.0632682 0.00436432
0.0649785 0.0042783
0.0626523 0.00425416
0.0623345 0.00428404
0.057939 0.00418231
0.0506132 0.0040043
0.0662978 0.00438761
0.0547426 0.00395383
0.0534384 0.00415758
0.0555846 0.00418676
0.0499147 0.00396252
0.051427 0.00417289
0.0512264 0.00411058
0.049886 0.00408949
0.0525732 0.00424111
0.0489247 0.00421239
0.0467574 0.00408679
0.050857 0.00406232
0.0602447 0.0044243
0.0501108 0.00400185
0.0502232 0.00412093
0.052183 0.00401794
0.0472433 0.00386929
0.0490822 0.00404958
0.0430901 0.0038638
0.0500403 0.00404464
0.0458227 0.0039327
0.0410085 0.00375905
0.0394645 0.00375117
0.0417844 0.0037552
0.0422557 0.00379994
0.0511107 0.00398677
0.0424092 0.00376388
0.0484778 0.00394536
0.043168 0.00373801
0.0427501 0.00383837
0.042018 0.00364542
0.0442404 0.00375226
0.0438992 0.003839
0.0413903 0.00379724
0.042523 0.00375468
0.0410629 0.00370291
0.0443442 0.00387956
0.0433018 0.003882
0.0412993 0.00367801
0.0401542 0.00376013
0.0394895 0.00374595
0.0441972 0.00384626
0.0384267 0.00366764
0.0401733 0.00366707
0.0392586 0.00362219
0.0405818 0.00365043
0.0389788 0.00357134
0.040102 0.0036646
0.0370174 0.00369955
0.0328767 0.00336241
0.0405609 0.00367988
0.0349017 0.0035816
0.035132 0.00354231
0.0286893 0.0033005
0.0295877 0.00337424
0.0333964 0.0033902
0.0353747 0.00367091
0.0324809 0.00343121
0.0406034 0.00360006
0.0291728 0.00331544
0.0390789 0.00374476
0.0347385 0.00347602
0.0375762 0.00362671
0.0386577 0.00363516
0.039659 0.00365216
0.042154 0.00389255
0.0434054 0.00380685
0.0424405 0.00396379
0.0298616 0.00350048
0.0352526 0.00361323
0.0418768 0.00393785
0.0415785 0.00395142
0.0406369 0.00399434
0.0410424 0.0040165
# Group 6
0.0308133 0.00240309
0.0274072 0.00229155
0.0307793 0.00239213
0.0321108 0.00250596
0.0285715 0.00239606
0.0327706 0.00248579
0.0297002 0.0023835
0.0342722 0.00260028
0.0294902 0.00239915
0.0304182 0.00239273
0.0315005 0.00246091
0.0293538 0.0024469
0.0331594 0.00257573
0.0347178 0.00257307
0.0334532 0.00254269
0.0284617 0.00233981
0.0282174 0.00240522
0.0349974 0.00259733
0.0283952 0.00249636
0.0387055 0.0026902
0.0367115 0.00263607
0.035664 0.00263662
0.0345015 0.00255081
0.0368288 0.00266297
0.0355417 0.00271625
0.037709 0.00274993
0.0348272 0.00265999
0.0363131 0.00268672
0.0427443 0.00288733
0.0441137 0.00298392
0.0446788 0.00296978
0.0421627 0.00292865
0.0339579 0.00275045
0.0365044 0.00268092
0.0370764 0.00282305
0.036371 0.00270561
0.041368 0.00284188
0.0408093 0.00294106
0.0415166 0.002963
0.045362 0.00296037
0.0426253 0.00293616
0.0451028 0.00295654
0.0439479 0.00298514
0.042416 0.00291705
0.0477328 0.00300359
0.0473806 0.00309671
0.0472602 0.00307242
0.0469916 0.00300204
0.0424986 0.00293905
0.048897 0.00312386
0.0503137 0.00303071
0.0469818 0.00310284
0.0468867 0.00299165
0.0479158 0.00307333
0.0513866 0.00319687
0.0478486 0.00307514
0.0498556 0.00326012
0.0433903 0.00307791
0.0500612 0.00313655
0.0545638 0.00320204
0.0560305 0.00331162
0.0545166 0.00325808
0.0572379 0.00330761
0.0573802 0.00336275
0.0537272 0.00332296
0.0553252 0.00335653
0.0546129 0.00330649
0.0573398 0.00334819
0.0570926 0.00336229
0.0570734 0.00325031
0.0569842 0.00337469
0.0671896 0.00363304
0.0622784 0.0034565
0.0631109 0.00353169
0.0660003 0.00357105
0.0606837 0.00347665
0.0572126 0.00336022
0.0601971 0.00343895
0.0658833 0.00358738
0.0644858 0.00357601
0.0702754 0.00365129
0.0632088 0.00349961
0.069148 0.0036654
0.0711006 0.00369374
0.0665092 0.00359296
0.0665573 0.00362833
0.0688335 0.0036929
0.0655219 0.00352265
0.068133 0.00366112
0.0718267 0.00373929
0.0781504 0.00386793
0.0778018 0.00389044
0.0762838 0.00388344
0.0793123 0.00391465
0.0806028 0.00402779
0.0836467 0.00407846
0.0831165 0.00400008
0.0858472 0.00407175
0.0895729 0.0040956
0.0891417 0.0042174
0.0902875 0.00419501
0.0861437 0.00412713
0.100967 0.00442751
0.0939591 0.00432578
0.0981208 0.0043981
0.101451 0.00448857
0.0974244 0.00442214
0.0975328 0.00440651
0.108992 0.00462262
0.110476 0.0046738
0.101144 0.00449978
0.115669 0.00475211
0.115515 0.00476144
0.119819 0.00483487
0.120897 0.00489392
0.129755 0.00507335
0.133633 0.0051684
0.138031 0.00523733
0.146059 0.00535531
0.150689 0.00540549
0.150588 0.0054037
0.158861 0.00556395
0.166559 0.00577692
0.176139 0.00592488
0.182881 0.00600054
0.189837 0.00604996
0.197597 0.00626486
0.215958 0.00649099
0.21522 0.0065432
0.244381 0.00690793
0.260275 0.00713016
0.261224 0.00718907
0.277139 0.00738835
0.289426 0.00749996
0.327772 0.00803065
0.362469 0.00843689
0.391567 0.00880777
0.434236 0.00931404
0.49702 0.00995691
0.56906 0.0106499
0.698967 0.0119111
0.886722 0.0134746
1.14971 0.0154423
1.57054 0.0181055
2.22465 0.0217435
3.29261 0.0264652
5.11877 0.0331663
7.98456 0.0418145
12.6106 0.0528984
17.7373 0.0629309
19.5226 0.0660433
13.7766 0.055152
5.82302 0.0355149
1.81263 0.019616
0.78335 0.0126261
0.60993 0.0110612
0.525132 0.0102609
0.456622 0.00970056
0.420076 0.00935652
0.371047 0.00882465
0.356054 0.00847126
0.332814 0.00822008
0.294854 0.00771304
0.291764 0.00761073
0.277208 0.00747632
0.25233 0.00716573
0.243547 0.00697227
0.232795 0.00687369
0.202494 0.0064616
0.20793 0.00653703
0.197793 0.00631573
0.192481 0.00630433
0.180119 0.00607674
0.16819 0.00584909
0.173533 0.00595664
0.160225 0.00576464
0.1602 0.00571754
0.141335 0.00543052
0.156315 0.00565013
0.131027 0.00520827
0.134345 0.00523861
0.129317 0.005238
0.122787 0.00509976
0.120727 0.00501638
0.114696 0.00497186
0.122531 0.00506525
0.10346 0.00470347
0.112468 0.00493944
0.10365 0.00475862
0.105614 0.00472635
0.100078 0.00470391
0.0966355 0.0045279
0.0964586 0.00456249
0.0937368 0.00450853
0.0985687 0.00457946
0.0911303 0.00449888
0.0917167 0.00443776
0.0969476 0.00454176
0.0845468 0.00429579
0.0874326 0.00436376
0.0799645 0.00418247
0.0823545 0.00424985
0.0833628 0.00436566
0.0781531 0.0041701
0.0742955 0.00407167
0.075838 0.0040944
0.0777899 0.00415764
0.0701624 0.00399129
0.0787215 0.00416851
0.0744428 0.00402678
0.0665706 0.00389912
0.0720245 0.00396413
0.0706279 0.00394326
0.0693638 0.00394132
0.0677412 0.0038244
0.0645674 0.00371984
0.0676816 0.00377888
0.0571156 0.00356939
0.0681415 0.0038439
0.0640927 0.00370218
0.055688 0.00362999
0.0566823 0.00339363
0.0577348 0.00348076
0.0634415 0.00367495
0.0559287 0.00348435
0.0617633 0.00361481
0.058556 0.00349096
0.0586835 0.0034767
0.0623311 0.00357292
0.0560906 0.00336716
0.0547993 0.00332305
0.0606063 0.00336591
0.0525475 0.00323235
0.0571882 0.00336478
0.0534421 0.00332298
0.0538459 0.00321257
0.0565042 0.00340366
0.0507484 0.00312748
0.0546601 0.003327
0.0552875 0.00329613
0.0464278 0.0030457
0.0503481 0.00317613
0.050807 0.00312619
0.0519267 0.00320833
0.0531276 0.00324689
0.048961 0.00320798
0.0536437 0.00318941
0.04476 0.00296097
0.0459109 0.00304131
0.0464094 0.00308564
0.0443722 0.00309002
0.0499244 0.00318058
0.0455151 0.00308357
0.042377 0.00299219
0.0474488 0.00310174
0.0451477 0.00299843
0.0464136 0.0030471
0.0432157 0.00300799
0.0427632 0.00298489
0.0410424 0.00290613
0.0436967 0.00295649
0.0436457 0.00295262
0.0468202 0.00302151
0.0435839 0.0029927
0.0380674 0.00284634
0.0457029 0.00302445
0.0394187 0.00289335
0.0379202 0.00278098
0.0402538 0.00286998
0.0400553 0.00289308
0.0392924 0.00284522
0.0426933 0.00292249
0.0382927 0.00287269
0.0370108 0.0028567
0.040417 0.00279459
0.0430666 0.00294809
0.0454904 0.00298173
0.0424119 0.00300334
0.0430355 0.00293213
0.0352078 0.00277973
0.0387464 0.00288753
0.037183 0.00289016
0.0367808 0.00275475
0.0386371 0.00287196
0.0338645 0.00276101
0.0349369 0.00276998
0.042149 0.00299095
0.0408867 0.00300704
0.0397166 0.00301378
0.0349863 0.00286593
0.0341159 0.00288082
0.0409422 0.0030327
0.0344595 0.00290267
0.0346896 0.00299418
0.0345462 0.00305783
0.0371238 0.00307552
0.0332773 0.00293098
0.0420864 0.00322876
0.0361434 0.00304203
0.0360982 0.00307296
# Group 7
0.0283398 0.00209478
0.0293423 0.00213543
0.0326362 0.00217238
0.0312004 0.00220808
0.0306202 0.00214636
0.0334375 0.00225115
0.0322336 0.00216562
0.0327379 0.00222176
0.0309984 0.00215997
0.0336589 0.00227807
0.0372698 0.00236199
0.031043 0.00223683
0.0346704 0.00232782
0.0332938 0.00228526
0.0352928 0.00235364
0.035632 0.00240733
0.0308912 0.00223888
0.0374755 0.00238927
0.0342315 0.00230285
0.0412136 0.00248478
0.0372422 0.00243391
0.0362906 0.00242621
0.0397677 0.00243848
0.0372695 0.00244386
0.0366413 0.00244497
0.0379991 0.00249914
0.0453724 0.00260373
0.0371978 0.00241128
0.0395333 0.00252007
0.0425614 0.00259526
0.040461 0.00257046
0.0429958 0.00259027
0.0427648 0.00256473
0.0416582 0.00257381
0.0452239 0.00268831
0.0417663 0.00253268
0.0461011 0.00275661
0.0451036 0.00263581
0.041424 0.00259383
0.0446623 0.00270893
0.0423692 0.00261386
0.0495038 0.00275017
0.0472645 0.00277377
0.0481733 0.00273553
0.0475039 0.002714
0.049947 0.00281574
0.0442678 0.00262457
0.051393 0.00287702
0.0452942 0.0027353
0.0474 0.00277515
0.0512746 0.00282776
0.0516707 0.00289171
0.0507257 0.00285111
0.0495825 0.00281742
0.0534373 0.00289337
0.0534748 0.00290808
0.0525969 0.0029282
0.0553331 0.00296713
0.0524337 0.0029036
0.0609755 0.0030787
0.054946 0.00295751
0.060759 0.00310534
0.0631228 0.00310548
0.0601697 0.00304368
0.0580493 0.00307532
0.0562298 0.00304435
0.058763 0.0030077
0.0613842 0.00309597
0.0579444 0.00302939
0.0609 0.003173
0.0663801 0.00322791
0.0602818 0.00313053
0.0539442 0.00300275
0.0665718 0.00320842
0.0607957 0.00315962
0.0632118 0.00318681
0.0628829 0.00317457
0.0684403 0.00331155
0.0635093 0.00326556
0.0689392 0.0033622
0.0601988 0.0031757
0.0722286 0.00339202
0.0696139 0.00332552
0.0685733 0.00329512
0.0819339 0.00356616
0.0721688 0.00340341
0.07376 0.00343404
0.0744754 0.00340744
0.0749861 0.00348074
0.0771078 0.00353773
0.0790823 0.0035389
0.0828451 0.00357887
0.0810936 0.00356248
0.0865203 0.00368724
0.0846122 0.00365371
0.0826091 0.0036453
0.0879665 0.00365356
0.0947842 0.00377872
0.0980483 0.00386798
0.0989055 0.00394548
0.0913841 0.00375643
0.0941246 0.00379231
0.0981533 0.00388448
0.0935649 0.00376492
0.106565 0.00401575
0.109511 0.00403532
0.110344 0.00405506
0.120698 0.00426589
0.109152 0.00405913
0.117555 0.00421718
0.122161 0.0042249
0.123323 0.0043132
0.125636 0.00431492
0.132101 0.00441732
0.13706 0.00448539
0.141806 0.00459649
0.146733 0.0046446
0.145687 0.00467821
0.1572 0.00485823
0.159271 0.00486615
0.165332 0.00492359
0.170407 0.00500724
0.173094 0.00508204
0.189632 0.00529767
0.205158 0.00556998
0.206395 0.00553176
0.21373 0.00565801
0.221335 0.00573023
0.240771 0.00595851
0.260009 0.00620655
0.289365 0.00653172
0.282668 0.00648098
0.301666 0.00665781
0.313227 0.00682461
0.348153 0.00718752
0.374033 0.00750896
0.412769 0.00784315
0.458302 0.00830591
0.510266 0.0087523
0.610326 0.00958222
0.722761 0.0105215
0.903276 0.0118546
1.19605 0.0136464
1.5743 0.0157958
2.23812 0.0189072
3.33382 0.0230667
4.97945 0.0283765
7.93107 0.0360029
12.272 0.0451209
17.0013 0.0532957
18.1955 0.05518
12.4989 0.0454053
5.30025 0.0292963
1.7963 0.0169551
0.839345 0.0112239
0.644375 0.00979798
0.542405 0.00904881
0.499146 0.00874202
0.442578 0.00837102
0.42013 0.00819809
0.407072 0.00790606
0.338797 0.00723883
0.331126 0.00702794
0.301354 0.00671512
0.294545 0.00660188
0.271981 0.00635054
0.265054 0.00628319
0.245606 0.00608397
0.230368 0.00586006
0.229461 0.005813
0.205354 0.00551855
0.205788 0.00556952
0.20213 0.00551726
0.18441 0.00528395
0.175058 0.00511257
0.175964 0.00517367
0.172866 0.0051298
0.160307 0.00489737
0.154278 0.00485771
0.147213 0.00473292
0.145945 0.00472939
0.137386 0.00454128
0.129045 0.00446506
0.121662 0.00431865
0.13594 0.00454566
0.125622 0.00440644
0.122937 0.00431413
0.109502 0.00414145
0.1205 0.00431507
0.110795 0.00413711
0.111928 0.00413063
0.109933 0.00410194
0.100486 0.00392376
0.102992 0.00401211
0.0986228 0.0039418
0.0968706 0.00388532
0.0928866 0.00381367
0.0964678 0.00391419
0.0933182 0.00384261
0.0838904 0.00364742
0.0899367 0.00374444
0.0873977 0.0037411
0.0862126 0.00368625
0.0883167 0.00376162
0.0870888 0.00369281
0.0831319 0.00362031
0.0712158 0.00336557
0.0844519 0.0036435
0.079172 0.00353273
0.0761242 0.00345378
0.0808205 0.00361313
0.0768026 0.00348605
0.0736962 0.00339055
0.0745188 0.00348602
0.0681172 0.00333985
0.0730099 0.00341865
0.0718307 0.00340251
0.0675163 0.00331644
0.0691278 0.00338816
0.0676046 0.00331886
0.06447 0.00326797
0.0687994 0.00330966
0.0631488 0.00320096
0.0627899 0.00319996
0.0631223 0.00322645
0.0662408 0.00328959
0.0650671 0.0032598
0.0602134 0.00313011
0.0596441 0.00320443
0.0610536 0.00321977
0.0613822 0.00319913
0.0577341 0.00311164
0.0555024 0.00306996
0.0599239 0.00314811
0.0610028 0.00313786
0.051791 0.00296252
0.0531669 0.00293749
0.0518287 0.00299947
0.0564451 0.00304385
0.0432113 0.00286075
0.0503009 0.00297007
0.05316 0.00301746
0.0468258 0.00288178
0.0518269 0.00297581
0.0545467 0.00309516
0.0480731 0.00284066
0.0523761 0.00310676
0.0523476 0.0029919
0.0477909 0.00291386
0.0454533 0.00286443
0.0526962 0.00300948
0.0461296 0.00286316
0.0522157 0.00298847
0.0497513 0.00300898
0.0499975 0.00293609
0.0447089 0.0028006
0.0464232 0.0028759
0.046832 0.00291872
0.0428102 0.00287649
0.0457698 0.00290445
0.0473705 0.00288681
0.0487199 0.00299605
0.0423666 0.00276006
0.0460261 0.00288252
0.0485647 0.0029074
0.0423306 0.00278025
0.043846 0.00283626
0.0478331 0.00290145
0.0455687 0.00287093
0.0443384 0.0028802
0.0463249 0.00293026
0.0462911 0.00286028
0.0458823 0.00283817
0.043432 0.00294111
0.043088 0.00285593
0.0437492 0.00284467
0.0406826 0.00284398
0.0396253 0.00274046
0.0444211 0.00292622
0.0420251 0.00278407
0.0448642 0.00289344
0.0420331 0.00275488
0.0416025 0.00282589
0.0411956 0.00284855
0.0405645 0.00273462
0.0434625 0.00282903
0.0403745 0.00273101
0.0328009 0.00251809
0.0422048 0.00278744
0.0423215 0.00287208
0.0415903 0.00283665
0.0439711 0.00286753
0.0394075 0.00277219
0.0404782 0.00286072
0.0434942 0.00295167
0.0431758 0.00299523
0.0465503 0.0031109
0.0431097 0.00303895
0.0451102 0.00303229
0.0376256 0.00293333
# Group 8
0.0347377 0.00237268
0.0359621 0.00233931
0.0339679 0.00229727
0.0329244 0.00229157
0.0324422 0.00222604
0.035883 0.00233171
0.0387785 0.0023913
0.0356575 0.00228162
0.0347229 0.00226324
0.032872 0.0022606
0.0357527 0.00233403
0.0352186 0.00232946
0.0375867 0.00235055
0.0356763 0.0023511
0.0408495 0.00247981
0.0369231 0.00234066
0.0364364 0.00234949
0.0412894 0.00244521
0.0420182 0.00251149
0.0392848 0.00243673
0.0382438 0.00243674
0.0449442 0.00262991
0.0421959 0.00254758
0.0429368 0.00252398
0.0438518 0.00256292
0.0458256 0.00261202
0.0457404 0.00261683
0.04118 0.00251648
0.0465304 0.00262891
0.0468378 0.00265446
0.0395255 0.00252428
0.0431511 0.00267194
0.0471549 0.00269939
0.0483664 0.00270903
0.0516359 0.00277131
0.0515238 0.00272159
0.0485078 0.00267797
0.0475111 0.00265754
0.0483998 0.00270231
0.0544581 0.0028171
0.0472414 0.00263398
0.0525795 0.00277199
0.0544774 0.00283606
0.0522688 0.00276555
0.0528985 0.002817
0.0591253 0.00293882
0.0526997 0.00276951
0.0540232 0.00286858
0.0576065 0.00286851
0.0571855 0.00284427
0.0552927 0.00285712
0.0596749 0.00294116
0.059141 0.00291552
0.0591352 0.002907
0.0632936 0.00297205
0.0560395 0.00287661
0.0624773 0.00302673
0.0649016 0.00310195
0.0633699 0.00298925
0.0617185 0.00298881
0.058533 0.00292242
0.0641759 0.00303589
0.0615804 0.00297059
0.0679903 0.00307238
0.0642618 0.00306975
0.0697185 0.00313126
0.065312 0.00308566
0.0684312 0.0030942
0.0704178 0.00315581
0.0737616 0.00323747
0.0714158 0.00320708
0.0734966 0.003226
0.0760202 0.00325578
0.066273 0.00312412
0.0747213 0.00322573
0.0703965 0.00314818
0.0774622 0.0032832
0.077323 0.0032853
0.0792601 0.00333509
0.0799747 0.00333398
0.0766547 0.00332052
0.0858368 0.00347025
0.0911562 0.00355672
0.0828639 0.00345682
0.0784328 0.00332817
0.086168 0.00345899
0.0853181 0.00342432
0.0866752 0.00347628
0.0910641 0.00355493
0.0858506 0.00347583
0.0940293 0.00361342
0.0944766 0.00362152
0.0939866 0.00360368
0.10193 0.00369848
0.100392 0.0037621
0.0974244 0.00368237
0.101628 0.00375404
0.109285 0.00388433
0.10805 0.0038629
0.107262 0.00387993
0.104772 0.00380394
0.108204 0.00386748
0.112224 0.00394007
0.121167 0.00403688
0.120474 0.00402419
0.126325 0.00414662
0.120698 0.00408175
0.127604 0.00415943
0.129776 0.0041746
0.124706 0.00414683
0.140179 0.00434038
0.141723 0.00440409
0.14056 0.00441915
0.146198 0.0044818
0.155943 0.00458278
0.154185 0.004535
0.163564 0.00468226
0.16309 0.00471331
0.179832 0.00485888
0.179513 0.00487504
0.182527 0.00490431
0.191993 0.0049796
0.194255 0.0050924
0.21076 0.00525322
0.221232 0.00536275
0.220943 0.00535739
0.241068 0.00557285
0.255574 0.00575859
0.252546 0.00573764
0.263232 0.00582458
0.287723 0.00604344
0.304583 0.00627433
0.330744 0.00650624
0.336393 0.00658
0.378893 0.00696572
0.409584 0.00725689
0.453542 0.00768064
0.511047 0.00817625
0.565085 0.00869622
0.666625 0.00948093
0.806452 0.0105542
1.00755 0.011813
1.24239 0.0130245
1.64181 0.0149511
2.28466 0.0175666
3.32611 0.0212672
5.05382 0.0263393
7.81356 0.0330916
11.9597 0.0413707
16.3724 0.0485995
17.1319 0.0496961
12.0331 0.0411837
5.4614 0.0272819
1.93319 0.0159641
0.91752 0.0106458
0.698431 0.00927205
0.589109 0.0085398
0.545036 0.00831086
0.505379 0.00809237
0.460065 0.00787544
0.44436 0.00777474
0.4053 0.00729272
0.355824 0.00671876
0.340988 0.0064717
0.322551 0.00629082
0.309868 0.00618656
0.292796 0.00597364
0.265274 0.00573836
0.250623 0.00557962
0.241002 0.00543868
0.235052 0.00538069
0.232164 0.00535756
0.220494 0.0052526
0.217601 0.00518705
0.208881 0.00510444
0.197525 0.00492967
0.18241 0.00478965
0.179637 0.00474481
0.17619 0.0046898
0.168599 0.0046061
0.169595 0.00460306
0.171139 0.00456841
0.153482 0.00439695
0.153264 0.00442964
0.144159 0.00428853
0.149847 0.004332
0.135374 0.00416867
0.136434 0.00418806
0.13418 0.00417387
0.126654 0.00405043
0.127054 0.00404695
0.12799 0.00400778
0.120833 0.00397761
0.119723 0.00391332
0.121152 0.0039642
0.108556 0.00373519
0.118788 0.00389232
0.113657 0.00382191
0.106423 0.00372017
0.108984 0.00372402
0.107285 0.00376392
0.105434 0.00374926
0.103396 0.00371336
0.101603 0.0036617
0.104264 0.00372715
0.0999784 0.00362027
0.0974859 0.00362601
0.0943068 0.00352129
0.0979391 0.0035624
0.0889056 0.0034879
0.0916832 0.00347015
0.0929839 0.00342671
0.0810921 0.00328826
0.0896668 0.00348807
0.0851673 0.0034283
0.0939532 0.00349847
0.07807 0.003304
0.0857911 0.00340113
0.0760965 0.00324436
0.0863195 0.00337661
0.0851681 0.00335993
0.0846979 0.00336251
0.07476 0.00322296
0.0825093 0.00335987
0.0789892 0.00325275
0.0805346 0.00324119
0.0818944 0.00331073
0.0782229 0.0032987
0.0793303 0.00325457
0.0717537 0.00313406
0.076612 0.00320197
0.0727603 0.00315352
0.0737107 0.00316561
0.072612 0.00314948
0.0731157 0.00312228
0.0755942 0.00318267
0.0735347 0.00315467
0.070877 0.0030918
0.0704219 0.00308462
0.0668207 0.00302406
0.0673146 0.00301922
0.0667608 0.00301685
0.0627585 0.00292647
0.0647402 0.00299316
0.0628953 0.00291838
0.063009 0.00296448
0.0680263 0.00298253
0.0636073 0.00296793
0.0645893 0.0029462
0.0632491 0.00296349
0.0603935 0.00287398
0.0648363 0.0029672
0.0596242 0.00288093
0.0573954 0.00287814
0.0589867 0.00285389
0.0687459 0.00303943
0.0612918 0.00286589
0.059624 0.00285788
0.0611548 0.00286942
0.0669903 0.00297735
0.06201 0.00291092
0.0573231 0.00276273
0.0568838 0.00279364
0.0615073 0.00289843
0.0506704 0.00271074
0.0545665 0.00277384
0.0583203 0.00273579
0.056603 0.00279147
0.0576187 0.00280891
0.0585049 0.00274791
0.0582188 0.00279758
0.0597579 0.00285015
0.05809 0.00280782
0.0537402 0.00272154
0.0619545 0.0028878
0.0522686 0.00271541
0.0612031 0.00287196
0.054523 0.00279978
0.0542594 0.00275895
0.0536434 0.00271545
0.0557251 0.00277367
0.0539526 0.00275422
0.0494041 0.00274448
0.0536831 0.00273614
0.0532684 0.00277058
0.0517592 0.00272957
0.0519647 0.00270034
0.0536518 0.00275405
0.0567824 0.00275272
0.0508466 0.00273615
0.0552966 0.00284294
0.0501165 0.00277874
0.0482843 0.00279764
0.0515906 0.00281469
0.0487174 0.00279966
0.0512802 0.00287883
0.0511677 0.00292072
0.0499653 0.0029169
0.0534327 0.00303909
0.0546994 0.00302642
