# Number of Energy transfer values
300
# Number of q values
9
# Energy transfer (micro eV) values
-119.6
-118.8
-118
-117.2
-116.4
-115.6
-114.8
-114
-113.2
-112.4
-111.6
-110.8
-110
-109.2
-108.4
-107.6
-106.8
-106
-105.2
-104.4
-103.6
-102.8
-102
-101.2
-100.4
-99.6
-98.8
-98
-97.2
-96.4
-95.6
-94.8
-94
-93.2
-92.4
-91.6
-90.8
-90
-89.2
-88.4
-87.6
-86.8
-86
-85.2
-84.4
-83.6
-82.8
-82
-81.2
-80.4
-79.6
-78.8
-78
-77.2
-76.4
-75.6
-74.8
-74
-73.2
-72.4
-71.6
-70.8
-70
-69.2
-68.4
-67.6
-66.8
-66
-65.2
-64.4
-63.6
-62.8
-62
-61.2
-60.4
-59.6
-58.8
-58
-57.2
-56.4
-55.6
-54.8
-54
-53.2
-52.4
-51.6
-50.8
-50
-49.2
-48.4
-47.6
-46.8
-46
-45.2
-44.4
-43.6
-42.8
-42
-41.2
-40.4
-39.6
-38.8
-38
-37.2
-36.4
-35.6
-34.8
-34
-33.2
-32.4
-31.6
-30.8
-30
-29.2
-28.4
-27.6
-26.8
-26
-25.2
-24.4
-23.6
-22.8
-22
-21.2
-20.4
-19.6
-18.8
-18
-17.2
-16.4
-15.6
-14.8
-14
-13.2
-12.4
-11.6
-10.8
-10
-9.2
-8.4
-7.6
-6.8
-6
-5.2
-4.4
-3.6
-2.8
-2
-1.2
-0.4
0.4
1.2
2
2.8
3.6
4.4
5.2
6
6.8
7.6
8.4
9.2
10
10.8
11.6
12.4
13.2
14
14.8
15.6
16.4
17.2
18
18.8
19.6
20.4
21.2
22
22.8
23.6
24.4
25.2
26
26.8
27.6
28.4
29.2
30
30.8
31.6
32.4
33.2
34
34.8
35.6
36.4
37.2
38
38.8
39.6
40.4
41.2
42
42.8
43.6
44.4
45.2
46
46.8
47.6
48.4
49.2
50
50.8
51.6
52.4
53.2
54
54.8
55.6
56.4
57.2
58
58.8
59.6
60.4
61.2
62
62.8
63.6
64.4
65.2
66
66.8
67.6
68.4
69.2
70
70.8
71.6
72.4
73.2
74
74.8
75.6
76.4
77.2
78
78.8
79.6
80.4
81.2
82
82.8
83.6
84.4
85.2
86
86.8
87.6
88.4
89.2
90
90.8
91.6
92.4
93.2
94
94.8
95.6
96.4
97.2
98
98.8
99.6
100.4
101.2
102
102.8
103.6
104.4
105.2
106
106.8
107.6
108.4
109.2
110
110.8
111.6
112.4
113.2
114
114.8
115.6
116.4
117.2
118
118.8
119.6
# q (1/Angstrom) values
0.3
0.5
0.7
0.9
1.1
1.3
1.5
1.7
1.9
# Group 0
0.00558668 0.00163888
0.0025681 0.00124836
0.00428306 0.00167665
0.00626513 0.00171909
0.00525535 0.00167555
0.00437933 0.00181275
0.00627149 0.00172387
0.00537082 0.00149382
0.00397559 0.00170586
0.0046797 0.00171498
0.00659235 0.00176461
0.00702886 0.00180484
0.00647325 0.00185593
0.00577467 0.00189028
0.00184384 0.00158644
0.00389178 0.0016339
0.00644276 0.00156264
0.00503535 0.00174946
0.00302085 0.00145994
0.00248954 0.00124049
0.00160522 0.00134749
0.00438866 0.00180402
0.00329037 0.00169437
0.00375322 0.00179606
0.00689933 0.00199695
0.00384821 0.00162374
0.00591372 0.00168536
0.00438026 0.00150027
0.00538017 0.00180168
0.00533374 0.00179128
0.00558138 0.00170359
0.00638698 0.00205381
0.00561986 0.00198172
0.00616693 0.00188459
0.00226833 0.00169616
0.00665009 0.00202497
0.00632854 0.0017847
0.00436047 0.00174106
0.00435704 0.00200519
0.00508583 0.00181877
0.00531034 0.00199906
0.00657276 0.00196572
0.00559055 0.00170783
0.0080956 0.00210998
0.00657946 0.0019623
0.00109263 0.00149035
0.00278968 0.00155939
0.00617883 0.00192721
0.00518672 0.00188737
0.00380314 0.0021074
0.00502309 0.00202603
0.00311559 0.00176031
0.0046446 0.00190841
0.00529023 0.00172589
0.000709391 0.00143165
0.00874728 0.00211643
0.0076622 0.00202389
0.00498734 0.00229086
0.00695996 0.00200629
0.00598514 0.00200986
0.00325982 0.00168224
0.00543687 0.00185413
0.00221155 0.00161988
0.00336489 0.00174968
0.00364634 0.00179393
0.00206517 0.00147869
0.00780923 0.00207502
0.00484279 0.00190505
0.00295145 0.00191517
0.00783924 0.00213842
0.00698222 0.00201273
0.00496084 0.00169753
0.00745544 0.00232603
0.00384006 0.0018516
0.00708319 0.0021143
0.0039362 0.00220946
0.00313121 0.00227139
0.000896418 0.00158876
0.00741515 0.00248864
0.00404192 0.00177937
0.00889378 0.00221193
0.00641497 0.00206729
0.0102768 0.0024199
0.00667406 0.00203441
0.00625256 0.00237394
0.00844234 0.00232916
0.00701592 0.00220779
0.00739354 0.00234516
0.0047855 0.0021206
0.00366456 0.00223804
0.00499896 0.00226988
0.00752305 0.00231249
0.00883359 0.00226288
0.00667444 0.00223421
0.0119947 0.00261486
0.00407667 0.00205721
0.00557618 0.00224326
0.00436944 0.00191705
0.0022896 0.00193607
0.00300232 0.00201312
0.00289572 0.00215257
0.00399098 0.00194489
0.00618173 0.00250901
0.00561341 0.00237116
0.0141178 0.00252781
0.0110033 0.00258398
0.00792758 0.00216452
0.0101579 0.00230751
0.00664328 0.0024144
0.0114382 0.00252967
0.0155615 0.00278523
0.0095306 0.00255318
0.0110819 0.00250655
0.0150264 0.00300171
0.0129517 0.0027969
0.0127518 0.0028801
0.017866 0.00308389
0.0270716 0.00366055
0.0230459 0.00347775
0.0189354 0.00354403
0.0219559 0.00357887
0.0283311 0.00380384
0.0334506 0.00396978
0.0336117 0.00416784
0.0409186 0.00457154
0.0400554 0.0046072
0.0393631 0.00425621
0.0533019 0.00499029
0.067374 0.00565497
0.0643322 0.00556447
0.0597152 0.00552196
0.0835908 0.00621917
0.0910775 0.00658546
0.114158 0.00729742
0.131849 0.00792714
0.152541 0.00855123
0.195079 0.00928841
0.247532 0.0108003
0.323872 0.0122292
0.455659 0.014512
0.665532 0.0173533
0.965062 0.0208229
1.44774 0.025506
2.28456 0.0321834
3.54816 0.0401856
5.86408 0.0517249
9.88392 0.0672706
16.1775 0.0866272
25.6077 0.109482
34.3677 0.127665
32.4405 0.124092
18.8608 0.0938901
6.1542 0.053691
1.11051 0.0228986
0.12059 0.00770618
0.0519377 0.0051237
0.045976 0.00493175
0.0454402 0.00472766
0.0400339 0.00430933
0.0412889 0.0043842
0.0342509 0.00430641
0.0393488 0.00422222
0.0271148 0.0038187
0.0301175 0.00405473
0.0331103 0.00411476
0.0274756 0.00364397
0.0280518 0.00360613
0.0246174 0.00369561
0.0188939 0.00317986
0.0182461 0.00344169
0.0154546 0.00313289
0.010167 0.00287172
0.0137572 0.00292762
0.0137838 0.00281471
0.0113563 0.00260205
0.0156027 0.00301203
0.0102134 0.00251736
0.0137698 0.00264935
0.010167 0.00266812
0.00802888 0.00237601
0.00910487 0.00223374
0.0111528 0.00245423
0.0172974 0.00283458
0.0111716 0.00266862
0.00486237 0.00210043
0.00769225 0.00239453
0.00747386 0.00228086
0.0065638 0.00211301
0.00689717 0.00254547
0.00600981 0.0019514
0.00703521 0.00224899
0.00838103 0.00241191
0.00604669 0.00225626
0.00660902 0.00215392
0.00573057 0.00222785
0.007309 0.00236895
0.00587494 0.00210016
0.00864474 0.00239368
0.0048935 0.00189655
0.00727386 0.00225314
0.00583415 0.00209787
0.00616968 0.00207523
0.00816656 0.00230531
0.00662747 0.00236016
0.00373654 0.00201225
0.00957424 0.00228959
0.00849365 0.00224553
0.00496262 0.00211945
0.0047624 0.00225089
0.00444192 0.00201967
0.00668475 0.00191925
0.00595565 0.00216474
0.00826348 0.00230338
0.00550149 0.00207174
0.00777419 0.0024504
0.00794196 0.00233423
0.00226054 0.00241869
0.00478645 0.00205318
0.00650571 0.00206811
0.00552215 0.00208161
0.00578603 0.0022523
0.0100147 0.0024133
0.00651618 0.00206977
0.00386951 0.00208057
0.00579927 0.00216003
0.00525153 0.00215279
0.00256087 0.0018981
0.00252453 0.00211497
0.00278777 0.00180919
0.00564869 0.00214813
0.00657341 0.00250825
0.0039736 0.00193711
0.00784694 0.00229707
0.00520195 0.00229705
0.00278393 0.0020313
0.00557204 0.00208954
0.00843234 0.00242896
0.0089337 0.00209281
0.00436443 0.00190091
0.0034957 0.00182849
0.00442294 0.00240592
0.00511603 0.00223636
0.00558228 0.00245695
0.0048886 0.0021253
0.00514446 0.00200654
0.00540908 0.00207824
0.00281548 0.00204628
0.0053012 0.00190743
0.00929706 0.00218128
0.00513109 0.00200335
0.00925404 0.00247354
0.00499582 0.00210968
0.00331846 0.00222129
0.00673079 0.00196462
0.00175082 0.00206625
0.007302 0.00206467
0.00861699 0.00247967
0.00341068 0.00201643
0.00632991 0.00185092
0.00506264 0.00195226
0.00732322 0.00235988
0.00483802 0.00229971
0.00687712 0.00227529
0.00475468 0.0019714
0.000840625 0.00214082
0.00695307 0.00228957
0.00419407 0.00179983
0.00826507 0.00244387
0.00821499 0.00243715
0.00715249 0.00198723
0.00362755 0.00219217
0.00702835 0.00235053
0.00668778 0.00211217
0.00505912 0.00221836
0.00556647 0.00231801
0.00810652 0.00214258
0.00395554 0.00216615
0.00508177 0.00220453
0.00389252 0.00211195
0.00531085 0.00213779
0.00403474 0.00195717
0.00813775 0.00239343
0.00450544 0.00213128
0.00575742 0.0023942
0.00308726 0.00193871
0.00899042 0.0023915
0.00329444 0.0021576
0.00630914 0.00233793
0.00573085 0.00212834
0.00550883 0.00217173
0.00219112 0.00190666
0.00795171 0.00214123
0.0068697 0.00256472
0.00172892 0.00210284
0.0049297 0.002272
0.00456347 0.00204266
0.00509935 0.00233096
0.00385448 0.00225064
0.00755739 0.00262433
0.00957264 0.00252785
# Group 1
0.00422272 0.00110314
0.00455502 0.00111146
0.00524461 0.00114353
0.00209364 0.00098314
0.00614584 0.00121476
0.00391414 0.00115476
0.0082029 0.00135108
0.00539489 0.00123001
0.00530904 0.00116971
0.0063962 0.00119321
0.0041735 0.00112992
0.00475028 0.00112477
0.0061758 0.00123022
0.00254287 0.000946972
0.00465656 0.00124806
0.00336585 0.00101172
0.0049531 0.00121541
0.00253598 0.00112153
0.00241505 0.00122524
0.00512119 0.00124651
0.00354811 0.00113227
0.00474075 0.00120273
0.00480452 0.00125544
0.0047031 0.00116536
0.00556394 0.00124209
0.00425073 0.0011842
0.00525736 0.00122932
0.00587458 0.00132074
0.00656073 0.00126429
0.00486289 0.00119554
0.00245849 0.00102143
0.00374775 0.00114701
0.00556772 0.00131345
0.00489527 0.00141946
0.00376443 0.00117163
0.00235835 0.0011571
0.00720038 0.00143533
0.00568384 0.00126942
0.00462235 0.00121114
0.00311693 0.00113752
0.00516569 0.0013351
0.00441342 0.0013491
0.00324039 0.00129013
0.00565036 0.0013532
0.00502035 0.00133828
0.00152112 0.00118359
0.00435692 0.00124442
0.00602135 0.00130835
0.00380809 0.00126311
0.00508169 0.00120924
0.00614044 0.00136689
0.00479926 0.00128785
0.00283609 0.00109608
0.00321482 0.00110154
0.00571844 0.00131752
0.00314756 0.00124262
0.00628957 0.00149623
0.00531987 0.00132318
0.0030622 0.00120484
0.00682441 0.0014779
0.00409814 0.00118835
0.00563276 0.00135758
0.00403034 0.00131646
0.00605258 0.00132212
0.00541769 0.00122083
0.00558327 0.00133948
0.00512037 0.0013551
0.00590117 0.00133617
0.00525705 0.00128067
0.0039126 0.00132659
0.00535729 0.0013397
0.00469544 0.00133066
0.00583984 0.00139039
0.00266638 0.00122024
0.00437342 0.00125869
0.00582533 0.00130572
0.00680675 0.00141676
0.00436116 0.00134236
0.0033543 0.00136842
0.00607457 0.00142257
0.00612474 0.00149343
0.004474 0.00130111
0.00479412 0.00129623
0.00230895 0.00137913
0.00668626 0.00148827
0.00610483 0.00140166
0.00388522 0.00137045
0.00400215 0.00140477
0.00583004 0.0015005
0.00359701 0.00135447
0.00538559 0.0014572
0.00372889 0.00133022
0.00491075 0.0014139
0.00479692 0.00131904
0.00294636 0.00137527
0.00571428 0.00142175
0.00523014 0.00142633
0.00743326 0.0014487
0.00526589 0.00147343
0.00639494 0.0014388
0.00502043 0.00157808
0.00561017 0.00147707
0.005571 0.00138606
0.00652666 0.00160967
0.00595624 0.0015765
0.00743937 0.0015969
0.0094937 0.00176779
0.00664622 0.00160839
0.00884887 0.00157943
0.00900321 0.00166237
0.01265 0.00193481
0.0105032 0.00179983
0.00844466 0.00178856
0.0119214 0.00183451
0.0118879 0.00188023
0.0106228 0.00176541
0.0140651 0.00204263
0.0165479 0.00210993
0.0180282 0.00228108
0.0215192 0.00222881
0.0217762 0.00227801
0.0215913 0.00224764
0.0284474 0.00256428
0.0244591 0.00249425
0.0304841 0.00264685
0.0414432 0.00302181
0.0405607 0.0029471
0.0476336 0.00312379
0.047931 0.00324083
0.0523951 0.00329548
0.0628722 0.00361946
0.0600687 0.00364962
0.0744686 0.00398186
0.0848637 0.0041844
0.106431 0.00468951
0.132782 0.0051708
0.147326 0.00548694
0.198265 0.00633127
0.262457 0.00720531
0.356065 0.00844393
0.522819 0.0100533
0.720799 0.0119308
1.08321 0.0145476
1.6935 0.0181559
2.70339 0.0228501
4.43354 0.0294034
7.2988 0.037903
12.3209 0.0494838
19.4805 0.0626436
26.5801 0.0738944
26.0445 0.073203
16.0702 0.0569267
5.98156 0.0345816
1.27426 0.0160875
0.216034 0.00670883
0.0635412 0.00383683
0.051095 0.00334982
0.0425979 0.00328035
0.0521964 0.00329144
0.0366855 0.00294022
0.0408165 0.00301298
0.0330595 0.00283508
0.0393838 0.00296176
0.0327034 0.00281675
0.0272926 0.00259596
0.0256705 0.00263021
0.0248554 0.00245277
0.0276184 0.00257864
0.0217944 0.00234055
0.0183161 0.00230126
0.0191624 0.00233204
0.0183335 0.0021275
0.0198178 0.00223207
0.0163887 0.00214243
0.0174471 0.00218648
0.0144201 0.00205438
0.0106973 0.00178721
0.0105169 0.00194124
0.0110934 0.00182165
0.0121618 0.00186373
0.0126371 0.00187912
0.0100242 0.00174731
0.00853752 0.00174008
0.00948245 0.00166222
0.0094039 0.00162725
0.00808924 0.00169911
0.00839922 0.00152836
0.00816589 0.00161533
0.00634212 0.00167174
0.00708459 0.00167078
0.0102476 0.00175681
0.00674563 0.00159297
0.00577676 0.00158895
0.00667133 0.0014954
0.00598356 0.00151697
0.00620911 0.00147876
0.00625794 0.00143708
0.0057135 0.00155039
0.00516992 0.0016518
0.00546409 0.00150684
0.00495039 0.00155858
0.0059552 0.00152844
0.00432465 0.00140421
0.00591749 0.00144191
0.0059411 0.00137179
0.00656708 0.00152536
0.00751736 0.00153663
0.00742019 0.00156077
0.00810937 0.00160615
0.00650429 0.00155963
0.0062515 0.00150373
0.00547439 0.00151561
0.00468883 0.00146101
0.00614873 0.00133373
0.00865143 0.00164882
0.00386836 0.00139227
0.00659785 0.00155114
0.00687015 0.00148692
0.00837075 0.00161141
0.00590778 0.00150128
0.00416575 0.00145317
0.00635466 0.0014476
0.00779373 0.00153504
0.00307068 0.00135373
0.00668234 0.00144456
0.00322748 0.00139028
0.00503434 0.00145438
0.00771257 0.00157071
0.00322981 0.00144881
0.0053144 0.0014462
0.00350163 0.00153354
0.00576257 0.0013701
0.00634321 0.00157222
0.00218149 0.00147812
0.00617933 0.00140781
0.00700302 0.00158076
0.00419198 0.0014384
0.0054516 0.00138161
0.00559849 0.00147181
0.00656392 0.00158897
0.0053691 0.00145002
0.0046434 0.00138727
0.00369541 0.00145663
0.00515713 0.00145541
0.00348282 0.00146768
0.00736776 0.00153639
0.000862797 0.00143357
0.00512664 0.00148357
0.00436426 0.00137844
0.00531493 0.00162719
0.00500212 0.00137811
0.00637929 0.0015045
0.00440816 0.00150314
0.00645312 0.00140853
0.00555244 0.00155534
0.00378477 0.00142664
0.00723683 0.00148754
0.00766727 0.00148563
0.00488216 0.00143386
0.00479432 0.0013991
0.00457635 0.00138327
0.00758897 0.00145052
0.0048734 0.00147791
0.00706908 0.00154264
0.00784848 0.00149463
0.0061326 0.00152303
0.00470933 0.00134815
0.00667962 0.00154998
0.0048783 0.00137271
0.00308815 0.00137793
0.00646305 0.00142577
0.00424176 0.00127158
0.00376971 0.00146786
0.00537795 0.00147583
0.00550771 0.00152911
0.00578709 0.00143112
0.00604893 0.0014261
0.00494756 0.00143927
0.00552431 0.0015764
0.00435805 0.0013371
0.00736437 0.00155676
0.00704319 0.00147386
0.0034581 0.00144238
0.00382506 0.00143388
0.0085806 0.00163734
0.00240942 0.00133127
0.00537448 0.00137945
0.00394095 0.00137519
0.00623812 0.00141382
0.00422365 0.00144848
0.00572973 0.00151785
0.00573989 0.00154638
0.00510217 0.00141103
0.0082553 0.00171672
0.00459987 0.00147345
0.00516536 0.00161181
0.00612381 0.00167164
0.00377696 0.00162425
0.00974826 0.00181207
0.00521681 0.00153816
# Group 2
0.00707243 0.0012989
0.00403944 0.00105709
0.00393714 0.0010898
0.00580409 0.001336
0.00474479 0.00118575
0.00404969 0.0010998
0.00479785 0.00118343
0.00599198 0.00124046
0.00455842 0.00125338
0.00486092 0.00114871
0.00591184 0.00129093
0.0036698 0.00132379
0.00434562 0.00131133
0.0043668 0.00122071
0.00508621 0.00131076
0.0063126 0.00141147
0.00381056 0.00129166
0.00573688 0.00130359
0.00509265 0.00121856
0.00497104 0.00123781
0.00312367 0.00119294
0.00258402 0.00127921
0.00229769 0.00125392
0.00485767 0.00125037
0.00393746 0.00131615
0.00285232 0.00133422
0.00374141 0.00134154
0.00413619 0.0014107
0.00494476 0.00139406
0.00484862 0.00127164
0.00227754 0.00137013
0.00559174 0.00138209
0.00284883 0.00141193
0.00437023 0.00133698
0.00307578 0.00137932
0.00424769 0.00146847
0.00382109 0.00123548
0.000983185 0.00125391
0.00177352 0.00150934
0.00274074 0.00134761
0.00420257 0.0013398
0.00325228 0.00136472
0.00586783 0.00152295
0.00413014 0.00148234
0.00428092 0.001381
0.00450132 0.00135154
0.0024609 0.00138546
0.0046558 0.00149544
0.00305327 0.00138567
0.00374698 0.00137167
0.00252683 0.00141305
0.0041407 0.00139024
0.00239663 0.00134448
0.00309733 0.00135581
0.00141925 0.00139502
0.0051232 0.00147522
0.0038026 0.00146308
0.00461697 0.00139253
0.000809047 0.00146183
0.00382604 0.00139139
0.00546135 0.00130442
0.00468662 0.00124357
0.00449374 0.00148878
0.00726751 0.0015321
0.00311094 0.00145644
0.00266008 0.00147966
0.00575837 0.00147331
0.00613742 0.00145356
0.00477044 0.00160119
0.00371915 0.00142065
0.00382646 0.00142206
0.00531224 0.00131146
0.00478239 0.00147297
0.00489333 0.00166652
0.00356921 0.00127789
0.00321046 0.001525
0.00548985 0.0016091
0.00530656 0.00161111
0.00333274 0.00150179
0.00391943 0.00161075
0.00545502 0.00163292
0.00422157 0.00142351
0.00480042 0.00162345
0.00349368 0.00140266
0.00583401 0.0016397
0.00345684 0.0014556
0.00344598 0.0014351
0.000297472 0.00149335
0.00921191 0.00174006
0.00211301 0.00150617
0.00397315 0.00132515
0.00204042 0.00146375
0.00488065 0.00165561
0.00467624 0.00152659
0.00213174 0.00137416
0.00365454 0.00147348
0.00706242 0.00162772
0.00691316 0.00147228
0.00546692 0.00163321
0.00296444 0.00154023
0.00308661 0.0016816
0.00602035 0.00166612
0.00709811 0.00169458
0.00495131 0.00170359
0.00610948 0.00163216
0.00321648 0.00160705
0.00293664 0.00157032
0.0049059 0.00164381
0.0108046 0.00186687
0.0105024 0.00190133
0.010946 0.00185737
0.00751565 0.00175366
0.0107731 0.00186758
0.009898 0.00190063
0.0143001 0.0020619
0.0114649 0.00204095
0.00716345 0.00178062
0.0137037 0.00206293
0.0171496 0.00223326
0.0212668 0.00232045
0.0197917 0.00229741
0.0212854 0.00243179
0.0302237 0.00268973
0.0251529 0.00262473
0.0317653 0.00280292
0.0319545 0.00295106
0.0344525 0.00292165
0.0368874 0.00302539
0.0489911 0.00334777
0.0494762 0.00344572
0.0490791 0.00342771
0.0715752 0.00405644
0.0764137 0.00422628
0.085055 0.00437999
0.0959129 0.00457777
0.114319 0.00506842
0.145022 0.00557243
0.192451 0.00640403
0.259156 0.00740231
0.338265 0.00843048
0.470002 0.0099028
0.703483 0.0120817
1.04932 0.0147426
1.60519 0.0182051
2.58813 0.0231392
4.14324 0.0293867
6.76561 0.0376433
11.3558 0.0490482
18.3084 0.0626014
25.7726 0.0749631
26.6118 0.0762097
17.1946 0.0607742
6.34824 0.0367978
1.28742 0.0167577
0.202035 0.00686719
0.0734327 0.00432719
0.0603935 0.00392271
0.0467729 0.00346782
0.0420494 0.00331477
0.0497356 0.00341665
0.046329 0.00334323
0.0410622 0.00316831
0.0433218 0.00318706
0.0351493 0.00298067
0.0310399 0.00288625
0.031669 0.00291775
0.029876 0.00274789
0.0247543 0.00268208
0.0250244 0.00263352
0.0198857 0.00248877
0.0224555 0.00251379
0.0179188 0.00239203
0.0244282 0.00237974
0.0167674 0.00225078
0.0174448 0.00232792
0.0151944 0.00221365
0.0119171 0.00203309
0.0129493 0.00201564
0.0150149 0.00211382
0.00807076 0.00181429
0.0123537 0.00186468
0.00781307 0.00186297
0.0071758 0.00166883
0.012175 0.00204967
0.00843198 0.00170287
0.00756403 0.00176465
0.0081929 0.00175172
0.00638372 0.00171634
0.00798983 0.00174473
0.00871036 0.00186079
0.00715805 0.00154314
0.0078428 0.00175593
0.00908059 0.00178968
0.00524137 0.0014143
0.00702278 0.00183819
0.00296906 0.00163492
0.0060045 0.00168372
0.00798902 0.00158913
0.0063681 0.00164121
0.00497919 0.00151746
0.00300067 0.00150024
0.00332157 0.00157021
0.00558268 0.00150164
0.00383595 0.00137999
0.00665014 0.00159226
0.0058262 0.00152168
0.00427359 0.0015975
0.00338436 0.00150742
0.00322045 0.00150814
0.00463584 0.00161435
0.00544687 0.00166276
0.00391685 0.00144196
0.00596038 0.00162728
0.00685235 0.00170836
0.00499736 0.00164898
0.00705993 0.00164384
0.00446821 0.00165095
0.00255217 0.00148394
0.00678698 0.00158721
0.00542341 0.00159663
0.00441569 0.00159867
0.00314453 0.00146059
0.00871395 0.00162454
0.00869227 0.00173782
0.00517989 0.00153001
0.00353156 0.00148014
0.00550096 0.00154368
0.00530228 0.00158837
0.00591175 0.00159582
0.00288967 0.00136207
0.00504565 0.00163185
0.00325436 0.00134451
0.00399238 0.00151878
0.00298866 0.0014996
0.00507536 0.00146888
0.00362274 0.00142496
0.00470882 0.00152062
0.00622325 0.00174683
0.00554712 0.00150642
0.00499943 0.00162361
0.00437053 0.0015811
0.00569619 0.00166433
0.00667671 0.00151778
0.00456521 0.00157002
0.00546725 0.00158207
0.0027605 0.00146279
0.00531547 0.00166965
0.00322429 0.00145286
0.00335886 0.0015431
0.00591668 0.00156284
0.004782 0.0014589
0.00613445 0.00154811
0.00571134 0.00156822
0.00628758 0.00158805
0.00685456 0.00163938
0.00412494 0.00155827
0.00680795 0.00160399
0.00373822 0.00134589
0.00483533 0.001664
0.00389314 0.0016074
0.00978395 0.00175446
0.00345984 0.00164556
0.00321861 0.00150631
0.002488 0.00128925
0.00416544 0.00146983
0.00588146 0.00165016
0.00452103 0.0014749
0.00631093 0.00173469
0.00445427 0.00150256
0.00398457 0.00147319
0.00537022 0.00165262
0.00319442 0.00148542
0.00501066 0.00161528
0.00397586 0.00163532
0.0012657 0.00139023
0.00373682 0.00150605
0.00582052 0.00160871
0.00369527 0.00151475
0.00333509 0.00149285
0.00262372 0.00145939
0.0028084 0.00146988
0.00433053 0.00136985
0.00491749 0.00140247
0.00459928 0.00166457
0.00188012 0.0013649
0.00506643 0.00144026
0.00343571 0.00162373
0.00465406 0.00156615
0.00396803 0.00146966
0.00184541 0.00142243
0.00500559 0.00154793
0.00403169 0.00161037
0.00462808 0.00139025
0.00193656 0.00158663
0.00601729 0.00171446
0.00378312 0.00160211
0.0041183 0.00165944
0.00899823 0.00187627
0.00266372 0.00161075
0.00534657 0.00176582
# Group 3
0.00567123 0.00136978
0.00320853 0.00133453
0.00610048 0.00139761
0.00607786 0.00139522
0.00617779 0.00135389
0.00518566 0.00142964
0.0035165 0.00133252
0.0063492 0.00143982
0.0039625 0.00124446
0.00388694 0.00130035
0.00587161 0.00130521
0.00437306 0.00129789
0.0033723 0.00138419
0.00218494 0.00123478
0.00630395 0.00139605
0.00460639 0.00131746
0.0039573 0.00133024
0.00339212 0.0013533
0.00401478 0.00135018
0.00418045 0.00138917
0.00685523 0.00153216
0.0026614 0.00123756
0.00146771 0.00130121
0.00284535 0.00129363
0.00418163 0.00148721
0.00395663 0.0013547
0.0051203 0.00140334
0.00484345 0.0014128
0.00175726 0.00128067
0.0031856 0.00142612
0.00366857 0.00137831
0.00486229 0.00148323
0.00195955 0.00152457
0.00393527 0.00150572
0.000715909 0.0013964
0.00159617 0.00140247
0.00358621 0.00142596
0.00350807 0.00140413
0.00160706 0.00135099
0.00296724 0.00153769
0.0019262 0.00145398
0.00461913 0.00153886
0.00208429 0.0014238
0.00277817 0.00144442
0.00248305 0.00157557
0.00243159 0.00149328
0.00444312 0.00164827
-0.000139302 0.00150591
-0.000383947 0.0016015
0.00538565 0.00159317
0.00454679 0.00170334
0.00488104 0.00176739
0.00240687 0.00161804
0.00308885 0.00158672
0.00360608 0.00164253
0.00260944 0.00162787
0.00383326 0.00152582
0.00310929 0.00162664
0.00410929 0.00150312
0.00265275 0.0016944
0.00458914 0.00147596
0.00245315 0.00155894
0.00195467 0.00158033
0.00446345 0.00164908
0.00210733 0.00147836
0.00394065 0.00150225
0.000977463 0.00172371
0.00506539 0.00161168
0.00402947 0.0014686
0.00306427 0.00150209
0.00296187 0.0015775
0.00269253 0.00173159
0.00348282 0.00155198
0.00525517 0.00162112
0.00439226 0.0015708
0.00079379 0.00163414
0.00272173 0.00156908
0.0028766 0.0015127
0.0026579 0.00158697
0.00491789 0.00187945
0.00340771 0.00167103
0.00234836 0.00159034
0.00431541 0.00150877
-1.6097e-05 0.00148808
0.0044095 0.0015567
0.00558934 0.00171395
0.00384924 0.0016037
0.0057738 0.00170764
0.00395758 0.00144843
0.00225072 0.00155666
0.00436172 0.00156011
0.00477783 0.00170418
0.00465448 0.00164544
0.00351082 0.0015315
0.00289392 0.00177931
0.00185734 0.0017227
0.0036953 0.00165421
0.0033097 0.0016335
0.00228602 0.0016468
0.00217883 0.00151433
0.00147787 0.0016413
0.00452798 0.00167032
0.00293214 0.00168206
0.00270762 0.00179304
0.00144839 0.00165132
0.00614187 0.00173301
0.00689316 0.00190263
0.00802465 0.00191431
0.00235421 0.00176155
0.00689118 0.00185103
0.00816174 0.00191928
0.00810729 0.00182948
0.0100601 0.00191384
0.0138635 0.00209332
0.00953178 0.00203756
0.00988417 0.00193476
0.0166392 0.00221818
0.0106817 0.00215766
0.0155799 0.00240517
0.02194 0.00255261
0.0190941 0.00251987
0.0224579 0.00262207
0.0251417 0.00263626
0.026516 0.00281611
0.0270889 0.00280279
0.0272978 0.00281892
0.0327282 0.00305068
0.0411977 0.003261
0.0480097 0.00344224
0.0451463 0.0034288
0.0607139 0.00382016
0.0676574 0.00401342
0.0788772 0.00440231
0.0876922 0.00458425
0.10549 0.00495804
0.128322 0.0053842
0.167122 0.00603866
0.214862 0.00692551
0.261105 0.00759273
0.365999 0.00893337
0.513415 0.0104733
0.751501 0.0125806
1.14535 0.0154988
1.68592 0.0188884
2.73363 0.0239832
4.45394 0.0306695
7.32433 0.0394291
12.2619 0.0513072
19.8175 0.0655986
28.0381 0.0786227
29.85 0.0813438
19.3867 0.064853
6.95394 0.0386372
1.33653 0.0171076
0.199853 0.00682596
0.0727669 0.00439438
0.0517816 0.00375005
0.0488876 0.0035791
0.0430583 0.00333506
0.0410148 0.00333753
0.0380888 0.00322854
0.0357388 0.00308973
0.0323266 0.00292525
0.0336193 0.00300735
0.0266844 0.00282202
0.0270848 0.00290372
0.025159 0.00270245
0.0234579 0.00265155
0.0217661 0.00256895
0.0231157 0.00265965
0.0176963 0.00244339
0.0222823 0.00249238
0.021289 0.00240977
0.0139587 0.00213347
0.0132477 0.00213015
0.0133286 0.00215331
0.0133982 0.00222092
0.0125606 0.00198171
0.0101102 0.00207196
0.0101154 0.00202987
0.00661907 0.00182291
0.00813912 0.00191735
0.00791657 0.00195213
0.0100864 0.00208136
0.00695576 0.00176994
0.0062922 0.00174871
0.00348859 0.00169458
0.00864241 0.00190357
0.00665191 0.00177024
0.0102522 0.00211185
0.00149192 0.00172127
0.0082272 0.0017431
0.00509039 0.00169868
0.00288625 0.00165778
0.00644312 0.00174149
0.00701505 0.00171703
0.00335707 0.0016455
0.00512989 0.00164159
0.00266941 0.00160334
0.00190829 0.00150505
0.0051265 0.00171861
0.00105658 0.00143345
0.00203874 0.00158095
0.00167657 0.00155811
0.00187489 0.00142385
0.00372847 0.00165145
0.00344503 0.00160407
0.00490686 0.00171982
0.00478855 0.00161674
0.00401346 0.00157284
0.00446499 0.00161391
0.00665972 0.00172557
0.00270185 0.0016894
0.0040388 0.00158767
0.00108636 0.00145371
0.00295059 0.00154231
0.00428313 0.00155322
0.00415033 0.00160889
0.00286884 0.00159071
0.00518227 0.00164776
0.00677839 0.00167519
0.00476683 0.00172462
0.00178161 0.00145236
0.00461915 0.00159449
0.00339789 0.00153028
0.00100274 0.00152118
0.00366451 0.00149628
0.00352042 0.00158871
0.00279373 0.0014748
0.00334344 0.00146828
0.00352504 0.00164751
0.00377713 0.00165011
0.00473556 0.0017096
0.00343545 0.00151076
0.00231231 0.00152687
0.00584857 0.00158433
0.00300624 0.00148526
0.00193348 0.0015597
0.00767144 0.0017751
0.00539576 0.00174398
0.00620382 0.00172706
0.00564586 0.00161215
0.00244075 0.0016659
0.0068332 0.00159503
0.00576962 0.00159627
0.000418773 0.00155338
0.00433912 0.00161978
0.00344872 0.00150768
0.000607317 0.00158717
0.00368186 0.00156357
0.00281484 0.00156468
0.00330528 0.00154929
0.00390532 0.00162178
0.00627762 0.00165278
0.000919794 0.00155188
0.00371473 0.0016684
0.00680176 0.00162983
0.00485162 0.00149128
0.00301814 0.00157779
0.00424654 0.00149272
0.00415973 0.00157471
0.00283287 0.00156236
0.00341029 0.00146262
0.00352834 0.00161182
0.00414028 0.00145845
0.00246961 0.00154308
0.000818929 0.00145004
0.0013363 0.00144676
0.00622605 0.00150264
0.00188679 0.00151233
0.000736261 0.00135318
0.00625668 0.00160729
0.00126066 0.00151023
0.000644746 0.00163612
0.00490809 0.0014541
0.00321595 0.00150289
0.00327001 0.00167433
0.0011998 0.00155767
0.00213616 0.00161531
0.00476196 0.00167167
0.00263111 0.00160753
0.00153106 0.00156566
0.00396895 0.00162881
0.00366515 0.00162133
0.00457005 0.00153533
0.00221223 0.00159522
0.00480862 0.00176851
0.00120195 0.00163443
0.00373116 0.00152164
0.00158089 0.00168191
0.00340494 0.00162269
0.00525914 0.00151635
0.00238098 0.00160846
-0.000969793 0.00160587
0.00419265 0.0015499
0.00113499 0.00165143
0.00427261 0.00166228
0.00256132 0.00165706
0.00366157 0.00162852
0.00676668 0.00197238
# Group 4
0.00663919 0.00158393
0.00472043 0.00141031
0.00620452 0.00144743
0.00271249 0.00139809
0.00394066 0.00143301
0.00517142 0.00151774
0.00292881 0.00142109
0.00436969 0.00143215
0.00511306 0.00172168
0.00420682 0.00144314
0.00442065 0.00142366
0.00444816 0.00145273
0.000545869 0.00126393
0.0045249 0.00165219
0.00660203 0.00157803
0.0063279 0.00162516
0.00846448 0.00168641
0.00624114 0.0017196
0.00455345 0.00176416
0.00407723 0.00147412
0.00257515 0.00143983
0.00178545 0.00143953
0.00682752 0.00174888
0.00507121 0.00160176
0.00519459 0.00171753
0.00162159 0.00158089
0.00432443 0.00152585
0.00619584 0.00168142
0.0026315 0.00146926
0.00482237 0.0018214
0.00354643 0.00175884
0.00344732 0.00154971
0.00249632 0.00156351
0.004477 0.00148749
0.00514671 0.00167965
0.00592777 0.00165819
0.00308213 0.00161933
0.00460614 0.00159141
0.00578802 0.00166135
0.00404719 0.00156604
0.00237118 0.00153541
0.0049225 0.00150679
0.00142672 0.00153657
0.0021564 0.00176081
0.0038269 0.00166355
0.00210758 0.00165086
0.00544606 0.00185092
0.005392 0.00160295
0.0107648 0.00181716
0.00215416 0.00164856
0.0031961 0.00156566
0.00582808 0.00194797
0.00262876 0.00167761
0.00337504 0.00164248
0.00382657 0.00158648
0.000800873 0.00164351
0.0052426 0.00158242
0.00422821 0.00179416
0.00551179 0.00183615
0.00265415 0.00172603
0.0045373 0.00175406
0.00474583 0.0017113
0.00313989 0.00168735
0.00479563 0.00185537
0.00337174 0.00166039
0.00711074 0.0017644
0.00338291 0.00177618
0.00356566 0.00173916
0.00602244 0.00179982
0.00559189 0.00175499
0.00557817 0.00191922
0.00420153 0.00164499
0.00229223 0.00163278
0.00289712 0.00159837
0.00305181 0.00165207
0.00408378 0.00174448
0.00231362 0.00189317
0.00370446 0.00173064
0.00521435 0.00182678
0.00470213 0.00183871
0.00237188 0.00151179
0.00613059 0.00207142
0.00764171 0.00180917
0.00252725 0.00166612
0.00461658 0.00185992
0.0049271 0.00171609
0.00514904 0.00198637
0.00319033 0.00189347
0.00364043 0.00207993
0.00405456 0.00181293
0.00703815 0.00185201
0.00384059 0.00198746
0.00198785 0.00180882
0.00557946 0.00182718
0.00534279 0.00197946
0.00188194 0.0018726
0.00564986 0.00198849
0.00257826 0.00188319
0.00693213 0.00199271
0.00179967 0.00170541
0.00528722 0.0019178
0.00639391 0.00191785
0.00614543 0.00190254
0.0038771 0.0017922
0.00591909 0.00199946
0.00259013 0.00185965
0.00491206 0.00193002
0.0131344 0.00224295
0.00545443 0.0019804
0.00522121 0.00216876
0.00927563 0.00210205
0.011706 0.00234047
0.00923414 0.00211706
0.0152249 0.00236173
0.00830166 0.00206288
0.00892762 0.00233659
0.0150215 0.00242659
0.0205944 0.0027012
0.0161179 0.00260334
0.0191869 0.00259626
0.022959 0.00298346
0.0289038 0.00302444
0.028268 0.00311049
0.0334191 0.00323337
0.0329556 0.00337163
0.0357944 0.00343753
0.0460896 0.00363597
0.0529072 0.00398445
0.0528219 0.00402132
0.0667912 0.00435207
0.0643388 0.00426369
0.0716444 0.0044978
0.0828167 0.00483464
0.0949236 0.00517089
0.117494 0.0055966
0.152249 0.00638769
0.177383 0.00680365
0.224717 0.00767059
0.319288 0.00899982
0.403695 0.0101564
0.606647 0.0122969
0.874669 0.0147859
1.28499 0.0178201
1.99028 0.0222726
3.22598 0.0283355
5.16297 0.0358318
8.49894 0.0462356
14.2245 0.0600916
22.7803 0.0765357
31.4582 0.0906846
31.9035 0.0911232
19.9234 0.0711766
7.15756 0.0424991
1.55245 0.0198412
0.265488 0.00839699
0.0916751 0.00525604
0.0624549 0.00450961
0.0620203 0.00435081
0.0532336 0.00409137
0.055235 0.00403793
0.0464372 0.00372718
0.0420591 0.00363113
0.0411432 0.00360605
0.0447361 0.00362977
0.0387502 0.00339889
0.0335456 0.00318691
0.0251805 0.00308718
0.0282086 0.00313508
0.0268695 0.00303955
0.0213536 0.00292316
0.0295426 0.0032069
0.0269337 0.0028625
0.0176629 0.00262783
0.0203971 0.00271552
0.0213475 0.00262851
0.0159228 0.00264742
0.012977 0.00250493
0.0176752 0.00254653
0.0137034 0.0023256
0.0138208 0.00256282
0.0103597 0.00218048
0.011359 0.00217066
0.0127698 0.0021458
0.00811365 0.00219385
0.00861333 0.0020536
0.009288 0.00216044
0.00741991 0.00188406
0.0121651 0.00235818
0.00681716 0.00196843
0.00815368 0.00204182
0.00739743 0.00211418
0.00760655 0.00222749
0.00258539 0.00178881
0.00494381 0.00194532
0.00567766 0.00199139
0.00389028 0.00191147
0.00523731 0.00197171
0.00538198 0.00178684
0.00650166 0.00193131
0.0054464 0.00188391
0.00360351 0.00178509
0.00264374 0.00172433
0.00243028 0.001816
0.00550253 0.00194215
0.00531174 0.00193958
0.00456633 0.00187549
0.00258758 0.00154023
0.00454309 0.00183346
0.00734147 0.00193848
0.00684938 0.00200814
0.0085981 0.00195697
0.0060587 0.0019222
0.00387889 0.00174811
0.00494818 0.00185317
0.00518887 0.00205759
0.00270418 0.00191609
0.0056077 0.00205675
0.00667898 0.00190848
0.00389986 0.0017503
0.00766666 0.00192528
0.00659144 0.00184248
0.00449055 0.00197766
0.00453853 0.00175098
0.00585859 0.00187412
0.00210184 0.00185652
0.00383701 0.00200049
0.00161129 0.00186318
0.00261087 0.00177011
0.00391962 0.00175092
0.00229033 0.00181714
0.00545485 0.00187165
0.00341339 0.00179148
0.00273645 0.00179159
0.00789663 0.00209905
0.00485361 0.00189162
0.00422871 0.0018445
0.00453273 0.00184817
0.00498379 0.00180355
0.00520186 0.00202332
0.00741039 0.0018771
0.00313804 0.00183036
0.00317698 0.00182223
0.00336202 0.00192624
0.00723047 0.00197749
0.00604753 0.00194863
0.00360989 0.00169867
0.00444707 0.00187083
0.00543453 0.00193932
0.00367403 0.00179992
0.00252064 0.00192667
0.00419921 0.0018973
0.0039753 0.00196728
0.00192298 0.00186507
0.00416634 0.00188456
0.00463315 0.00177606
0.00236648 0.00191786
0.00384549 0.00177206
0.00492122 0.00192867
0.0041601 0.00185636
0.00379687 0.00171473
0.0060889 0.0019333
0.00348736 0.00161963
0.00562416 0.00180614
0.00297718 0.00177508
0.00928458 0.00206546
0.00264905 0.00188282
0.00338568 0.00185189
0.00471935 0.00180884
0.00437526 0.00202271
0.0031087 0.00184937
0.00505887 0.00181468
0.00342129 0.00188424
0.00463422 0.00176777
0.00645569 0.00180051
0.00164696 0.00183538
0.00669227 0.00180269
0.00287265 0.00170975
0.00480308 0.00178561
0.00586889 0.00196436
0.00722625 0.001869
0.00374827 0.00174594
0.00588936 0.00190943
0.00441773 0.00187616
0.00253808 0.00163417
0.0067825 0.00196457
0.00592654 0.0019186
0.00312939 0.00185684
0.00498387 0.00187662
0.00733394 0.00198828
0.00273293 0.0017386
0.00314823 0.00200325
0.0073833 0.00202122
0.00646986 0.00201259
0.0036703 0.00185663
0.00218487 0.00173638
0.00491425 0.00210234
0.00685072 0.00200899
0.00281781 0.0018555
0.00367615 0.00224403
0.00121766 0.00186544
# Group 5
0.0046385 0.00123078
0.00510504 0.00129411
0.0051099 0.00129251
0.00500505 0.00135014
0.00537916 0.00134042
0.00407161 0.00122877
0.00503681 0.00125855
0.00697125 0.00152157
0.00685026 0.0014473
0.00681941 0.00144119
0.00405339 0.00122016
0.00410694 0.00139484
0.00643185 0.00131931
0.00494126 0.00147545
0.00299142 0.00125633
0.00458271 0.00142338
0.00426925 0.00144519
0.00494528 0.00137823
0.00625434 0.00147545
0.00496597 0.00126798
0.00589751 0.00136428
0.00503075 0.00123998
0.00488849 0.00144304
0.00490352 0.00141849
0.0047002 0.00144191
0.00372647 0.0012765
0.00345245 0.001421
0.00508763 0.00142849
0.00279494 0.00136805
0.00399288 0.0014523
0.00532107 0.00155874
0.00551235 0.00165011
0.00583798 0.00145509
0.00553704 0.00137148
0.00338199 0.00129504
0.00657319 0.00148262
0.00574924 0.00150679
0.00243854 0.001228
0.00431799 0.00152466
0.00667175 0.00146138
0.00498462 0.00138272
0.00397234 0.00140662
0.00422143 0.00150823
0.0064338 0.00160038
0.0045913 0.00146582
0.00537006 0.001555
0.00419607 0.00146004
0.00386733 0.0013746
0.00370014 0.00146998
0.00310075 0.00144538
0.00541345 0.00144404
0.00305442 0.00149049
0.00159648 0.00156158
0.00298032 0.0015381
0.00528109 0.00148241
0.00334514 0.00146332
0.00493552 0.00164369
0.00237933 0.00122588
0.00223801 0.00144646
0.00349911 0.001369
0.00343613 0.00144708
0.00320565 0.00134974
0.00206853 0.00166194
0.00491581 0.00155342
0.00476011 0.00150701
0.00533557 0.00169569
0.00626485 0.00149295
0.00575915 0.00139554
0.00559371 0.00151517
0.00626989 0.00163957
0.00499484 0.00157514
0.00443089 0.00141328
0.00659775 0.00149901
0.00334693 0.0013832
0.00349004 0.00152524
0.00501234 0.00147038
0.00241538 0.00148777
0.00678127 0.00158375
0.00387427 0.0015408
0.00691063 0.00158938
0.0052534 0.00155587
0.00540905 0.00161337
0.00452946 0.00142056
0.00299059 0.00148816
0.00546711 0.00148235
0.00574591 0.00170096
0.00331074 0.00152241
0.00387634 0.00151543
0.00565569 0.00157121
0.00228073 0.00154298
0.00508571 0.00154902
0.00585434 0.00180111
0.00610609 0.00164202
0.0062415 0.00154272
0.00247238 0.0016812
0.0063431 0.0016757
0.00380039 0.0015519
0.00280636 0.00161795
0.00390733 0.00144536
0.00437672 0.00166955
0.0055558 0.00153777
0.0058133 0.001626
0.00836286 0.00181444
0.0107253 0.00183358
0.00678004 0.00164574
0.00557568 0.00165805
0.00657643 0.00154624
0.0084495 0.00177225
0.0135289 0.00192309
0.00444704 0.00163642
0.0106507 0.00194834
0.0075341 0.00187742
0.00735267 0.00189281
0.0109539 0.00193797
0.0107514 0.00192892
0.0118172 0.00190944
0.0147568 0.00206881
0.0131898 0.0020554
0.0211588 0.00249771
0.0169924 0.00225709
0.0175811 0.00230588
0.0237121 0.00251696
0.0241334 0.00258041
0.0252838 0.00266315
0.0266277 0.00274469
0.0368565 0.00298476
0.0388417 0.00308757
0.0439252 0.00324289
0.0449842 0.00326614
0.0497185 0.00335023
0.0585228 0.00367641
0.0710433 0.00396055
0.0790353 0.00412074
0.077824 0.00417272
0.107505 0.00477388
0.117123 0.00507023
0.158614 0.00580232
0.19207 0.00638547
0.25961 0.00733206
0.348179 0.00844306
0.48995 0.0100427
0.679498 0.01183
1.03974 0.0145891
1.59491 0.01798
2.54785 0.0227103
4.1189 0.0289204
6.77758 0.0372895
11.3132 0.048355
18.4454 0.0620249
26.4458 0.074894
28.4733 0.0777211
19.0708 0.0628765
7.14218 0.038391
1.47132 0.0175304
0.253593 0.00743321
0.0878511 0.00455764
0.0725123 0.00412002
0.0666602 0.00402287
0.0555963 0.00365075
0.048637 0.00342501
0.0463754 0.00334831
0.042861 0.00321168
0.0384768 0.0030277
0.0318365 0.00290708
0.0342489 0.00292097
0.028918 0.00275801
0.0279706 0.00263618
0.0251431 0.00255774
0.0217567 0.00260306
0.0289983 0.00264272
0.0208264 0.00232716
0.0162284 0.00231478
0.0177694 0.00220587
0.0195521 0.00234075
0.0170022 0.002217
0.0136234 0.00206892
0.0138251 0.0019935
0.0154525 0.0020743
0.00987894 0.00198495
0.00887172 0.00183705
0.0120552 0.00193506
0.0111331 0.00189547
0.0121244 0.00188539
0.0101467 0.0018377
0.0130566 0.00195056
0.00820166 0.001701
0.00974199 0.00186056
0.00972822 0.00179927
0.00929461 0.00181597
0.00535396 0.00159958
0.00635357 0.0015662
0.00709036 0.00164571
0.00485316 0.00167729
0.00502312 0.00158987
0.00440483 0.00160515
0.00416575 0.00148441
0.00427348 0.00153866
0.00442126 0.00162963
0.00399081 0.00158472
0.00687623 0.00174344
0.00794901 0.00163414
0.00751907 0.001634
0.00385753 0.00158904
0.00593784 0.0016475
0.00128367 0.00136732
0.00551051 0.00159654
0.00504938 0.0016102
0.00526208 0.00154809
0.00449186 0.00159602
0.00479202 0.00148044
0.00737473 0.0016401
0.00536927 0.00168719
0.00284829 0.00159406
0.00552817 0.00161495
0.00729584 0.0016725
0.00369144 0.00148111
0.00291391 0.00155667
0.00575347 0.00159606
0.00287906 0.00149838
0.00442174 0.00161989
0.00196058 0.00160474
0.00592891 0.00163918
0.00341275 0.00151824
0.00304302 0.00155369
0.00364239 0.00161291
0.00428313 0.00170344
0.00291223 0.00148569
0.00498938 0.00142758
0.00579286 0.00182204
0.00207416 0.00151417
0.00452462 0.0016004
0.00329926 0.00168955
0.00550617 0.00171756
0.00315548 0.00158228
0.00439822 0.0017573
0.0025018 0.0017775
0.00417412 0.00178598
0.00386492 0.0015476
0.00419134 0.00163957
0.00724511 0.00171088
0.00200935 0.00154168
0.00472433 0.00146711
0.00435074 0.00146617
0.00674689 0.00180056
0.00357495 0.00164814
0.00506211 0.00166497
0.00368206 0.00160865
0.00466851 0.00167238
0.0055565 0.00180054
0.00505873 0.0016536
0.00400977 0.00162857
0.00733803 0.00167019
0.00499356 0.00163691
0.00613762 0.00165066
0.00930256 0.00182379
0.000785531 0.00145167
0.00945863 0.00179535
0.00798 0.00172359
0.00333747 0.00155263
0.00610912 0.00180981
0.00558416 0.00166
0.00367419 0.00153441
0.00298648 0.0015877
0.00383105 0.00169723
0.00336941 0.00146469
0.00374533 0.00168078
0.00298799 0.00164421
0.00471714 0.0016585
0.00375932 0.00165158
0.00624752 0.00170971
0.0036196 0.00152223
0.00623758 0.00167349
0.0044417 0.00153509
0.00515634 0.00164239
0.00228227 0.00166852
0.0067002 0.00172249
0.00225884 0.00145743
0.00348405 0.00169373
0.00535698 0.00174198
0.00500363 0.00173727
0.00487967 0.0017614
0.00406273 0.00154138
0.00388687 0.00181481
0.00220083 0.00152517
0.00404342 0.00144654
0.00430766 0.00167481
0.00491022 0.00177629
0.00513193 0.00164287
0.00680963 0.00179223
0.00526135 0.00163875
0.00555138 0.00162744
0.00398185 0.00171721
0.00320847 0.0014643
0.00283595 0.00170376
0.00437972 0.00179691
0.00729363 0.0018283
0.00868194 0.00197184
0.00430738 0.00171659
0.00487133 0.00183031
0.00450541 0.00179379
# Group 6
0.00425913 0.000959443
0.00394774 0.00096151
0.0029113 0.000845079
0.00432898 0.0010486
0.00370249 0.00102779
0.00575619 0.00109147
0.00489642 0.00104198
0.00390846 0.00106378
0.00495593 0.0010586
0.00537237 0.00103639
0.00505472 0.00105229
0.00336055 0.001029
0.00366672 0.00104792
0.00490222 0.00105524
0.00352401 0.000974899
0.00484096 0.00102214
0.00339386 0.00103652
0.00309364 0.00094796
0.00430615 0.00120147
0.00368975 0.000951603
0.00426601 0.00100699
0.00326199 0.000991396
0.00680895 0.00114662
0.00367083 0.000994159
0.00526858 0.00121728
0.00384112 0.00109036
0.0030709 0.00104482
0.00259441 0.000986846
0.00437252 0.00110332
0.00347599 0.00114159
0.00393132 0.00112109
0.002161 0.00106027
0.00227712 0.00117178
0.00487846 0.00111374
0.00295437 0.00118349
0.00520331 0.00117531
0.00600244 0.00120095
0.00256625 0.00117419
0.00117782 0.0010903
0.00423098 0.00109399
0.00341561 0.00114789
0.00355942 0.00106248
0.00367013 0.00116542
0.00235855 0.00104927
0.00548513 0.00113342
0.00388513 0.00119748
0.0054985 0.00125197
0.00401371 0.00105412
0.00257039 0.00108752
0.00369723 0.00117665
0.00352591 0.000917532
0.00189972 0.00109787
0.00458841 0.00110138
0.0035221 0.00113929
0.0034408 0.00116751
0.00404101 0.00116979
0.00310327 0.00130874
0.0020888 0.00124533
0.0044174 0.00118366
0.00486351 0.00111651
0.00340516 0.00115748
0.00332121 0.00111416
0.00241826 0.00102068
0.00390428 0.00120541
0.0041232 0.00131002
0.0014179 0.00116158
0.00285582 0.00118121
0.00387111 0.00118783
0.00414378 0.001226
0.00490756 0.00108407
0.00423395 0.00126482
0.00379757 0.00125073
0.00364054 0.00115727
0.00419291 0.00127731
0.00346311 0.00118975
0.00363013 0.00126136
0.00229867 0.00113108
0.00416483 0.00123905
0.00420648 0.00125173
0.00501743 0.0013388
0.00567517 0.0012696
0.00494504 0.00125278
0.00466224 0.00128662
0.00373844 0.00120434
0.00437384 0.00126263
0.00365972 0.00127246
0.00329355 0.0012796
0.00468511 0.00120605
0.00346281 0.0012708
0.00446359 0.00130242
0.00282775 0.00119199
0.00510444 0.00133484
0.00358142 0.00128445
0.0030075 0.0011698
0.00468657 0.00141159
0.00296022 0.00127976
0.00424033 0.00122006
0.00601685 0.00132812
0.00456047 0.001114
0.00354116 0.0013118
0.00381246 0.00124178
0.00590036 0.00139132
0.00524727 0.00133
0.00413977 0.00134566
0.00524828 0.00138128
0.00590061 0.00145665
0.00338574 0.00133776
0.00774471 0.00152464
0.00745225 0.00148208
0.00772987 0.00151895
0.00866481 0.00159116
0.0100327 0.00157659
0.00964527 0.00161482
0.013159 0.00171947
0.0100885 0.00165266
0.0116719 0.00172308
0.00983381 0.00168853
0.0164673 0.00194336
0.0153412 0.00186791
0.0172714 0.00187501
0.0212107 0.00203425
0.0183212 0.00198765
0.0234707 0.00226815
0.0238243 0.00226605
0.0336785 0.00251833
0.0317732 0.00238834
0.0355625 0.00263434
0.0424859 0.00276309
0.0460294 0.00295693
0.0419519 0.002781
0.0571367 0.00317558
0.0615185 0.00330318
0.0696501 0.00349191
0.0883157 0.00384339
0.10246 0.00414308
0.11527 0.00440294
0.141916 0.00487998
0.181255 0.0055006
0.233599 0.00621516
0.325301 0.00728796
0.451907 0.00859655
0.668158 0.0104163
1.00767 0.0127929
1.55311 0.0158076
2.40663 0.019797
3.90477 0.0251765
6.45302 0.0324437
10.7434 0.0421832
17.5095 0.0541586
25.3617 0.0656694
27.6053 0.0685824
18.7294 0.0559835
7.03119 0.0341925
1.41258 0.0154079
0.221756 0.00631249
0.0785665 0.00392522
0.0727742 0.00377955
0.0660315 0.00382619
0.0651929 0.00384257
0.0520445 0.00352096
0.0506306 0.00317084
0.0400193 0.00290065
0.0355622 0.00269781
0.0311691 0.00243257
0.0267832 0.00239474
0.0297281 0.00250191
0.029314 0.00238252
0.0242742 0.00229925
0.0245831 0.00234192
0.0151851 0.00203265
0.0180759 0.00198792
0.0159286 0.00200267
0.0143331 0.00189315
0.0162255 0.00189229
0.0150189 0.00190956
0.0125636 0.0018549
0.0163651 0.0019055
0.00873883 0.00162851
0.0122236 0.00170279
0.0107284 0.00167878
0.0117528 0.00163649
0.00843114 0.00167582
0.00796556 0.00161433
0.00875856 0.00156669
0.00839486 0.00166891
0.00944933 0.00160722
0.00830413 0.00158276
0.00684244 0.0015909
0.00573371 0.0015373
0.00600481 0.00141322
0.00621841 0.00158466
0.00595092 0.00139256
0.00523851 0.00144629
0.00450079 0.00140042
0.00570109 0.00138696
0.00393446 0.00144079
0.00680834 0.00145329
0.00495089 0.00131515
0.00618367 0.00144275
0.00694885 0.0015051
0.00460485 0.00134301
0.00532557 0.00141743
0.0034401 0.00148069
0.0039047 0.00137363
0.00539892 0.00143887
0.00269497 0.00125425
0.00423655 0.00139354
0.00322902 0.00136266
0.00526494 0.00142122
0.00363559 0.00123842
0.00326284 0.00135566
0.0049442 0.00131851
0.00437224 0.00132226
0.00308409 0.00131243
0.00489473 0.00129802
0.00675204 0.0013784
0.00456801 0.0012315
0.00529581 0.00139236
0.0033613 0.00129676
0.00496066 0.00133556
0.00107861 0.00136409
0.00674616 0.00128897
0.00637518 0.00136231
0.0023076 0.0012304
0.00264222 0.00126779
0.00155264 0.00119059
0.00325461 0.0012571
0.00239531 0.00117341
0.00460863 0.00131893
0.00282212 0.00117466
0.00254771 0.00120118
0.00550712 0.00119494
0.00427443 0.00126556
0.00380991 0.00125606
0.0020444 0.00124695
0.00680033 0.00131031
0.001477 0.00121278
0.00510134 0.00121393
0.0039512 0.00129173
0.00468209 0.00126155
0.00514744 0.00126388
0.00547126 0.0013234
0.00595363 0.00124927
0.0020947 0.00111939
0.00428982 0.00127023
0.00265426 0.00129414
0.00645572 0.00126311
0.00510875 0.00121041
0.00485019 0.00127488
0.00428826 0.00128211
0.00159097 0.00123374
0.00521992 0.00133743
0.00316167 0.00126153
0.00349198 0.00125999
0.0048339 0.00128561
0.00473732 0.001242
0.0053455 0.00129374
0.00444164 0.00130593
0.00463531 0.0012958
0.00204823 0.00112229
0.00599227 0.00129375
0.00387892 0.00117235
0.00313591 0.00110792
0.00753475 0.00142301
0.00452669 0.00128669
0.00519106 0.00127541
0.00381103 0.00126992
0.00394216 0.00117432
0.00284076 0.00115321
0.00391268 0.00124229
0.00500671 0.00126355
0.00565261 0.00127167
0.00480493 0.00133798
0.00280333 0.00125486
0.00512085 0.00115977
0.00386271 0.00120584
0.00500442 0.00121078
0.004205 0.00131846
0.00362011 0.00115782
0.00232294 0.00119738
0.00349494 0.00123868
0.00301629 0.0012825
0.00396775 0.00116676
0.00342378 0.00120724
0.00461204 0.00131239
0.00412723 0.00123558
0.00379409 0.0012168
0.00196083 0.00117896
0.00278858 0.00127017
0.00308672 0.00126983
0.00312256 0.00131995
0.00460549 0.00130807
0.00202335 0.00125023
0.00194782 0.00134294
0.00393267 0.00150994
0.000395873 0.00119366
0.00525055 0.00142839
0.00500736 0.00142524
0.00315604 0.00128582
0.00621091 0.00149027
# Group 7
0.00444007 0.000917445
0.00576302 0.00100827
0.00737723 0.00100429
0.00363836 0.00089988
0.00362122 0.000831626
0.0052974 0.000967171
0.00597784 0.000936441
0.004109 0.000881601
0.00609558 0.000970891
0.00500439 0.000964199
0.00496572 0.000928872
0.00303653 0.000899315
0.00354611 0.000903019
0.00454116 0.000960932
0.00563345 0.00103055
0.00305971 0.000958422
0.00487444 0.00101877
0.00484256 0.000947022
0.00457078 0.00094388
0.00350701 0.000858802
0.00303242 0.000929386
0.00288569 0.000945994
0.00436549 0.00089785
0.00205781 0.000876336
0.00270899 0.000931142
0.00327314 0.000995221
0.00391146 0.000874022
0.0047606 0.000982324
0.00589202 0.00110567
0.00376212 0.000987942
0.00264043 0.000974368
0.00549061 0.00104815
0.00505495 0.000992222
0.00396156 0.000994318
0.00333473 0.000995486
0.00425644 0.000939912
0.00262411 0.00103603
0.00533038 0.00102014
0.00340721 0.000996893
0.00254044 0.00100212
0.00511595 0.00109278
0.00491011 0.000995751
0.00330046 0.00103692
0.00463126 0.00101215
0.00390662 0.000957048
0.0048203 0.00106327
0.00532572 0.00101399
0.00333789 0.00101688
0.00391346 0.00107293
0.00194539 0.000951138
0.00543118 0.0010617
0.0034985 0.00103581
0.00344159 0.00101662
0.00337499 0.00101388
0.00337524 0.000965036
0.00359738 0.00101225
0.00372332 0.00107398
0.00381442 0.00103808
0.00536306 0.00112333
0.00460479 0.00103826
0.00539741 0.00111199
0.00467671 0.00108719
0.00632048 0.00107575
0.00547942 0.00104201
0.00341454 0.00108207
0.00524699 0.00119646
0.00530843 0.00103545
0.00492097 0.00105488
0.00469166 0.00105222
0.00402623 0.00115418
0.0043078 0.00105112
0.00443741 0.00112155
0.00360463 0.00112309
0.0037702 0.000975173
0.00206828 0.001033
0.00238288 0.00100174
0.00500974 0.00112968
0.00565462 0.0011838
0.00455451 0.00121789
0.00393485 0.00116178
0.00493379 0.00121685
0.00401959 0.00108692
0.00399288 0.00106678
0.00387911 0.00103711
0.00597057 0.00114042
0.00541706 0.00117305
0.00573315 0.00118721
0.00615142 0.0011481
0.00251849 0.00107653
0.00560616 0.00124184
0.00459432 0.00114719
0.00543456 0.00112591
0.00481635 0.00113866
0.00617261 0.00124746
0.00523742 0.00121725
0.00365334 0.00119711
0.00645916 0.00116563
0.00771453 0.00122218
0.00426779 0.00111736
0.00212799 0.00114054
0.00557669 0.00121585
0.00541311 0.00118558
0.00442843 0.00117536
0.00657327 0.0012105
0.00555295 0.00121634
0.00706203 0.00122886
0.00737507 0.00124596
0.00742252 0.00133127
0.0079335 0.00132578
0.00831384 0.00136672
0.0109974 0.00137018
0.0111762 0.00149278
0.0115169 0.00147651
0.0118247 0.00146552
0.0151685 0.0015642
0.0120699 0.00149319
0.014858 0.00153613
0.0135626 0.00158927
0.015156 0.00166246
0.0185649 0.00171924
0.0202055 0.00173321
0.0241288 0.00189262
0.0296687 0.00207303
0.0261717 0.00196238
0.031189 0.00220681
0.0330261 0.00218895
0.0381874 0.00234906
0.0410881 0.00238555
0.044605 0.00247779
0.0542301 0.00270593
0.0563658 0.0027553
0.0667533 0.00296274
0.0791025 0.00317152
0.0859216 0.0033644
0.106809 0.0036728
0.121771 0.0040002
0.159917 0.00446669
0.193132 0.00492758
0.265147 0.00571626
0.339066 0.00647495
0.491997 0.00777368
0.722192 0.00941406
1.06764 0.0114022
1.62661 0.0140559
2.6 0.0177833
4.17726 0.0225146
6.87427 0.0289574
11.4459 0.0376036
18.4397 0.0480548
26.5401 0.0581769
28.2678 0.0600735
18.6681 0.0482318
6.97418 0.0293418
1.46315 0.0135796
0.252782 0.00572064
0.093542 0.00363018
0.0790806 0.00346151
0.0772639 0.00352348
0.0762734 0.0036611
0.0778107 0.00369332
0.0715951 0.00332951
0.0484869 0.00284432
0.0414436 0.00248165
0.0381881 0.00238287
0.0359591 0.00226659
0.0284363 0.00206823
0.0300497 0.00214809
0.0250906 0.0020497
0.0277992 0.00204546
0.0232111 0.00187775
0.0225624 0.00184936
0.0219312 0.00187791
0.0177989 0.00176756
0.0163274 0.00172171
0.0149043 0.00161963
0.0155947 0.00172061
0.013143 0.00162304
0.0165297 0.00162026
0.0129997 0.00159309
0.0112722 0.0015134
0.0121524 0.00154729
0.0106888 0.00140396
0.0103207 0.00149214
0.00933598 0.00140115
0.0102453 0.00141848
0.00863304 0.0014012
0.0100425 0.00136579
0.00668455 0.00130654
0.00657025 0.00129227
0.00644754 0.00126634
0.00824226 0.00128586
0.00663197 0.00123871
0.00758085 0.00126953
0.00601326 0.00128374
0.00662019 0.00132049
0.00690996 0.00128184
0.0040748 0.00114522
0.00733915 0.00134653
0.00667209 0.00129454
0.00570605 0.00123587
0.00636238 0.0012175
0.00560163 0.00127328
0.00451689 0.00115362
0.00402637 0.00120166
0.00417743 0.00111572
0.00542056 0.00118442
0.00612342 0.00120648
0.0062789 0.00122459
0.00697502 0.00123918
0.0061122 0.00115756
0.00527291 0.00124607
0.00422001 0.00109953
0.0060283 0.00113711
0.00432107 0.0011861
0.00735874 0.00130577
0.00459978 0.0011389
0.00599957 0.00121908
0.00535015 0.00119545
0.00319646 0.00116492
0.00441404 0.00116327
0.00525276 0.00121705
0.00609193 0.00118617
0.00575591 0.0011882
0.00447658 0.00113343
0.00536449 0.00121065
0.00501315 0.0011804
0.00392354 0.00112833
0.00510727 0.00113755
0.00338442 0.00119032
0.00536832 0.00126004
0.00425315 0.0011835
0.00466915 0.00118579
0.00364373 0.00115538
0.00544099 0.0011936
0.00490739 0.00110872
0.00351949 0.00111183
0.0051024 0.00108376
0.00340788 0.00116183
0.00552495 0.00114196
0.0029977 0.00122688
0.00547439 0.0012447
0.00451126 0.00116402
0.00468483 0.00119604
0.00396103 0.00110714
0.00563539 0.00128578
0.00715041 0.00121155
0.00231499 0.00120586
0.00494311 0.00115162
0.00512172 0.00122118
0.00403927 0.00117116
0.00753836 0.00128766
0.00433551 0.00115905
0.00621544 0.00120153
0.00404409 0.00120658
0.00611726 0.00118535
0.00601122 0.00120288
0.00594692 0.00124223
0.00428204 0.00119211
0.00278735 0.00120387
0.00408507 0.00120485
0.00440287 0.00111954
0.00410766 0.0012153
0.00502863 0.00116564
0.0048526 0.00118763
0.00444147 0.00109526
0.00475711 0.00117913
0.00581671 0.0012483
0.00557778 0.00117161
0.00482377 0.00118982
0.00224081 0.00109862
0.0049942 0.00123656
0.00413605 0.00108898
0.00388345 0.00106079
0.00212497 0.00121306
0.00483287 0.00124373
0.00506626 0.00121812
0.00218493 0.00118191
0.00464469 0.00119433
0.00320265 0.00120028
0.00524428 0.00119483
0.00543979 0.0012353
0.00536073 0.00115963
0.00195767 0.00112257
0.00332594 0.00123899
0.00603331 0.00123669
0.00478043 0.00118115
0.00510663 0.00118659
0.00270639 0.00106399
0.00431709 0.00112934
0.00475403 0.00126404
0.00518353 0.00126069
0.00524794 0.00120825
0.00497642 0.0012379
0.00378998 0.00124084
0.00526398 0.00129964
0.0048668 0.0013276
0.00555031 0.00137327
0.00518339 0.00137628
0.00581405 0.00129043
0.00373777 0.00132941
# Group 8
0.00538459 0.00106399
0.00537973 0.000975289
0.0046948 0.000963773
0.00436364 0.000981239
0.00562573 0.000985527
0.00313048 0.000863601
0.00452488 0.000916891
0.00528639 0.000925783
0.00582882 0.000955772
0.00547025 0.00101469
0.00419306 0.000932967
0.00453562 0.000968763
0.00564453 0.00096328
0.00422896 0.000973449
0.00504993 0.000995027
0.00578664 0.000993189
0.00498752 0.000988708
0.00539728 0.00095344
0.00584253 0.00105176
0.00423961 0.000968094
0.00445166 0.00102522
0.0022653 0.000939847
0.00577063 0.00110014
0.00538826 0.00101637
0.00470462 0.000995201
0.00453831 0.000994103
0.00384476 0.00097165
0.00409033 0.00101555
0.00531457 0.0010415
0.00383656 0.00100094
0.00288735 0.00103761
0.00326555 0.00113878
0.00518129 0.00112536
0.00593801 0.00113641
0.0051842 0.00108094
0.00458491 0.000975134
0.00378917 0.000988321
0.00456784 0.00103111
0.00389154 0.00103652
0.00505512 0.00105296
0.00530032 0.0010601
0.00363707 0.000986755
0.0047591 0.00107254
0.00346023 0.000978175
0.00504596 0.00111732
0.00486752 0.0010805
0.00388396 0.000987962
0.00320033 0.00105872
0.00465084 0.00101058
0.00683082 0.00110475
0.0058666 0.0011387
0.0033936 0.000988924
0.00557058 0.00109265
0.00642078 0.00113596
0.0051349 0.0010196
0.00522224 0.00113436
0.005312 0.00114476
0.00361512 0.00111935
0.00519475 0.00105414
0.00268072 0.000996488
0.003226 0.00102951
0.00453441 0.00106954
0.00525312 0.00108856
0.00673746 0.00110689
0.0045686 0.0011402
0.00430111 0.00105225
0.00491618 0.00115107
0.00546291 0.00108599
0.00568287 0.00112214
0.00577223 0.00116248
0.00384037 0.00110503
0.00393373 0.0010635
0.00621799 0.00115263
0.0038383 0.00114552
0.00571943 0.0011242
0.00606301 0.00115537
0.00829324 0.00124351
0.00582094 0.00114929
0.00570448 0.00116074
0.00445295 0.00108657
0.00699168 0.00127674
0.0067631 0.00123332
0.00544217 0.00117647
0.0054177 0.00125866
0.00803767 0.00129228
0.00640572 0.00120312
0.00670465 0.00118533
0.00664681 0.00124678
0.00700612 0.00126119
0.00474214 0.00118789
0.00573491 0.00123023
0.00505416 0.00119775
0.00629657 0.00122218
0.00724416 0.00118963
0.00456535 0.00124701
0.00453825 0.00119253
0.00757604 0.00131779
0.00717851 0.00131746
0.00554729 0.00124618
0.00552708 0.0012933
0.00669782 0.00128755
0.00822927 0.00136814
0.00938175 0.0014148
0.00806754 0.00130392
0.0101571 0.00138282
0.00848486 0.00138602
0.00834838 0.00140463
0.0103095 0.00143897
0.00918669 0.00137555
0.01138 0.00151798
0.0102157 0.00144528
0.00820334 0.00144426
0.0116065 0.00162759
0.0165422 0.00173792
0.0128588 0.00158728
0.0159878 0.00162999
0.0171603 0.00170967
0.0164908 0.00176917
0.0189388 0.00173646
0.0187785 0.00176179
0.0241199 0.00191144
0.0273774 0.0019532
0.030834 0.00213451
0.0288301 0.00204768
0.0314292 0.00209185
0.037347 0.00223656
0.0417304 0.00232107
0.0441933 0.00242364
0.0455891 0.00248777
0.0535782 0.00259049
0.0593816 0.00266603
0.0737358 0.00297276
0.0741105 0.00298714
0.0943164 0.00334682
0.104139 0.00346196
0.134054 0.00391114
0.160902 0.00429265
0.206637 0.00482835
0.283771 0.005673
0.399365 0.00668445
0.528594 0.0077104
0.778475 0.00923475
1.14735 0.0110113
1.70544 0.0132914
2.67858 0.0165694
4.30069 0.021009
7.10249 0.0270852
11.8551 0.0353754
18.9847 0.0453431
26.6252 0.0544257
27.7924 0.0556318
18.7566 0.0448288
7.54337 0.0279672
1.70189 0.0132436
0.280684 0.00547105
0.097827 0.00343457
0.0813165 0.0032131
0.0766238 0.00330328
0.0824629 0.00348204
0.088594 0.0036934
0.0815992 0.00361163
0.0655547 0.0031406
0.047201 0.00261817
0.0423104 0.00232544
0.0365455 0.00219019
0.0342426 0.00217083
0.0321863 0.00206117
0.0303737 0.00207354
0.0302033 0.00205201
0.029273 0.00199409
0.0251194 0.00190152
0.0239418 0.00185807
0.0194274 0.001803
0.0216733 0.00179832
0.0168399 0.00172957
0.0186021 0.00169211
0.0178425 0.0017288
0.0156611 0.00164038
0.0148097 0.0015977
0.0127224 0.00157797
0.0134864 0.00155489
0.0127515 0.00144989
0.0126105 0.00153811
0.0107702 0.0015467
0.0151627 0.0016267
0.00943329 0.00141381
0.00859197 0.00143938
0.00885131 0.00143904
0.00931711 0.00148959
0.00844984 0.00143448
0.00863536 0.00142319
0.0108879 0.00141796
0.0074815 0.00144247
0.00731127 0.0013488
0.00855406 0.00143597
0.0106997 0.00142822
0.00787525 0.00134794
0.00717339 0.00132297
0.0101168 0.00142687
0.0116712 0.00143567
0.00787359 0.00140866
0.00679667 0.0014089
0.00713106 0.00140648
0.0085042 0.00141518
0.00653542 0.00139037
0.00706833 0.00133823
0.00684678 0.00141481
0.00750045 0.00134884
0.00980878 0.00139431
0.00767483 0.00142246
0.00813311 0.00135168
0.0100987 0.00130637
0.00854659 0.00134985
0.00692735 0.0013853
0.00575456 0.00137288
0.0081415 0.00134138
0.00619458 0.00137629
0.00684748 0.00134847
0.00533965 0.00131374
0.00605178 0.00128749
0.00895461 0.00137431
0.00652923 0.0013294
0.00797312 0.00140829
0.00670787 0.00137398
0.00663948 0.00130281
0.00930359 0.00133322
0.00769451 0.00136107
0.00576694 0.00136124
0.00680266 0.00129285
0.00587894 0.00128327
0.00668096 0.00130318
0.00944597 0.00141264
0.00504621 0.00127
0.00900794 0.00139677
0.00849233 0.00132903
0.00947523 0.00138919
0.00721905 0.00131321
0.00826734 0.0013366
0.00737126 0.00130451
0.0111108 0.00143672
0.00762103 0.00131548
0.00730673 0.00132125
0.00853281 0.00133522
0.00878138 0.00138469
0.00632342 0.00126345
0.00850135 0.00139667
0.00866542 0.00129616
0.00579185 0.00129471
0.00699274 0.00128585
0.0074939 0.00135311
0.00893109 0.00135465
0.00814999 0.00134867
0.00745866 0.00133984
0.00600369 0.00133697
0.00762133 0.00131703
0.00741314 0.00134046
0.0085607 0.00132579
0.0077521 0.00132031
0.0101203 0.00136945
0.00551924 0.00123705
0.00774252 0.00133546
0.0112497 0.00136625
0.00821353 0.00132904
0.00666137 0.00130149
0.00763917 0.00135176
0.00589781 0.00128949
0.0103987 0.00129752
0.00749942 0.00130841
0.00871506 0.0013535
0.00897264 0.00124591
0.00804459 0.00128811
0.00626552 0.00126364
0.00724931 0.00128535
0.00893112 0.0013299
0.00677853 0.00128038
0.00694711 0.00130453
0.00763911 0.00130375
0.00517591 0.00129012
0.00662895 0.00128905
0.00583888 0.00122083
0.00761358 0.0012927
0.00560812 0.00124965
0.00645723 0.0013928
0.00622776 0.00125882
0.00702068 0.00133395
0.00623814 0.00128571
0.00786962 0.00129816
0.00752363 0.00130474
0.00982597 0.00128924
0.007535 0.00133894
0.00699 0.00134037
0.00556686 0.00133218
0.00519993 0.00139032
0.00786371 0.00140327
0.00765098 0.00143087
0.00579185 0.00137892
0.00585831 0.00142335
0.00860812 0.00153112
0.0074254 0.0015347
0.00893599 0.00152278
