# Number of Energy transfer values
300
# Number of q values
9
# Energy transfer (micro eV) values
-119.6
-118.8
-118
-117.2
-116.4
-115.6
-114.8
-114
-113.2
-112.4
-111.6
-110.8
-110
-109.2
-108.4
-107.6
-106.8
-106
-105.2
-104.4
-103.6
-102.8
-102
-101.2
-100.4
-99.6
-98.8
-98
-97.2
-96.4
-95.6
-94.8
-94
-93.2
-92.4
-91.6
-90.8
-90
-89.2
-88.4
-87.6
-86.8
-86
-85.2
-84.4
-83.6
-82.8
-82
-81.2
-80.4
-79.6
-78.8
-78
-77.2
-76.4
-75.6
-74.8
-74
-73.2
-72.4
-71.6
-70.8
-70
-69.2
-68.4
-67.6
-66.8
-66
-65.2
-64.4
-63.6
-62.8
-62
-61.2
-60.4
-59.6
-58.8
-58
-57.2
-56.4
-55.6
-54.8
-54
-53.2
-52.4
-51.6
-50.8
-50
-49.2
-48.4
-47.6
-46.8
-46
-45.2
-44.4
-43.6
-42.8
-42
-41.2
-40.4
-39.6
-38.8
-38
-37.2
-36.4
-35.6
-34.8
-34
-33.2
-32.4
-31.6
-30.8
-30
-29.2
-28.4
-27.6
-26.8
-26
-25.2
-24.4
-23.6
-22.8
-22
-21.2
-20.4
-19.6
-18.8
-18
-17.2
-16.4
-15.6
-14.8
-14
-13.2
-12.4
-11.6
-10.8
-10
-9.2
-8.4
-7.6
-6.8
-6
-5.2
-4.4
-3.6
-2.8
-2
-1.2
-0.4
0.4
1.2
2
2.8
3.6
4.4
5.2
6
6.8
7.6
8.4
9.2
10
10.8
11.6
12.4
13.2
14
14.8
15.6
16.4
17.2
18
18.8
19.6
20.4
21.2
22
22.8
23.6
24.4
25.2
26
26.8
27.6
28.4
29.2
30
30.8
31.6
32.4
33.2
34
34.8
35.6
36.4
37.2
38
38.8
39.6
40.4
41.2
42
42.8
43.6
44.4
45.2
46
46.8
47.6
48.4
49.2
50
50.8
51.6
52.4
53.2
54
54.8
55.6
56.4
57.2
58
58.8
59.6
60.4
61.2
62
62.8
63.6
64.4
65.2
66
66.8
67.6
68.4
69.2
70
70.8
71.6
72.4
73.2
74
74.8
75.6
76.4
77.2
78
78.8
79.6
80.4
81.2
82
82.8
83.6
84.4
85.2
86
86.8
87.6
88.4
89.2
90
90.8
91.6
92.4
93.2
94
94.8
95.6
96.4
97.2
98
98.8
99.6
100.4
101.2
102
102.8
103.6
104.4
105.2
106
106.8
107.6
108.4
109.2
110
110.8
111.6
112.4
113.2
114
114.8
115.6
116.4
117.2
118
118.8
119.6
# q (1/Angstrom) values
0.3
0.5
0.7
0.9
1.1
1.3
1.5
1.7
1.9
# Group 0
0.00613197 0.00183231
0.00489402 0.00168697
0.0110221 0.0024839
0.011189 0.00234051
0.00792327 0.0020957
0.0082036 0.00235894
0.00819279 0.0020521
0.00892324 0.00200432
0.0110715 0.00254143
0.00813226 0.00222316
0.00984843 0.00222484
0.0099128 0.00222459
0.00589216 0.00193886
0.00936603 0.00239873
0.00494052 0.00210477
0.00640056 0.00205976
0.0121925 0.00226415
0.00892985 0.00229151
0.00884998 0.00224131
0.0123776 0.00244111
0.00888494 0.00230078
0.0115604 0.00263128
0.00732634 0.00227029
0.0104252 0.00259198
0.00934088 0.00239244
0.0118066 0.00254761
0.0119482 0.00240282
0.0140636 0.00258185
0.0109234 0.00247605
0.0129714 0.00263938
0.0124446 0.00249762
0.0074255 0.00233127
0.00952015 0.00251329
0.0106017 0.00245611
0.00793748 0.00243971
0.00777125 0.00230652
0.014497 0.00266182
0.00937073 0.00238778
0.0114598 0.00280531
0.00726433 0.00219817
0.0112951 0.00270434
0.0139553 0.00276309
0.0107473 0.00235113
0.0165168 0.0029561
0.0101553 0.00245083
0.00947676 0.00250655
0.0159731 0.00290629
0.0118391 0.00259717
0.0102057 0.00251048
0.0119317 0.00296956
0.0104577 0.00268393
0.012547 0.00277727
0.0121661 0.00274168
0.0161805 0.00282712
0.010313 0.00256922
0.00717178 0.00212908
0.0105055 0.00243577
0.0130345 0.00313425
0.018733 0.00308998
0.0124757 0.00272484
0.0159339 0.00294939
0.0143952 0.00279872
0.00870353 0.00244282
0.010807 0.00261627
0.0106429 0.00261112
0.0123845 0.00264136
0.0143585 0.00279431
0.0116082 0.00267727
0.0116311 0.00286245
0.0137684 0.00280913
0.0153415 0.00288031
0.015116 0.00276376
0.0157753 0.00315928
0.0100107 0.00259387
0.0107745 0.00261756
0.011048 0.00300871
0.0113129 0.00314314
0.0151759 0.00303061
0.0136102 0.00317873
0.016943 0.00303457
0.0100311 0.00250026
0.0137571 0.00285515
0.0133848 0.00286833
0.014891 0.00288582
0.0106204 0.00294693
0.0148255 0.00302253
0.0136562 0.00293709
0.0110887 0.00285638
0.0150692 0.00313758
0.0153295 0.00333462
0.0122328 0.00306327
0.0139574 0.00302993
0.0169542 0.00309763
0.0175344 0.00325604
0.0200667 0.00336566
0.0147687 0.00310625
0.0111236 0.0028839
0.016088 0.00307539
0.0183379 0.0033888
0.0165022 0.00328648
0.0129372 0.00316649
0.0170664 0.00318569
0.0117608 0.00316838
0.0193731 0.00357118
0.0161765 0.00286288
0.0158513 0.0031419
0.0261588 0.00363914
0.0188519 0.00313915
0.0274773 0.00398012
0.0253313 0.00365459
0.0253645 0.00362453
0.0206372 0.00352943
0.0310015 0.00398
0.0267955 0.00395036
0.035607 0.00434333
0.0286519 0.00408105
0.0287389 0.00396141
0.0395062 0.00456083
0.0356846 0.00440411
0.0386683 0.00482508
0.051134 0.00524189
0.0431474 0.00481325
0.0597128 0.00540966
0.0495178 0.00518365
0.0616758 0.00575267
0.0719773 0.00618379
0.0769563 0.00607581
0.0754022 0.00616079
0.103636 0.00721799
0.0836083 0.00661445
0.0975045 0.00717579
0.121693 0.00777445
0.140703 0.00841492
0.154094 0.00882276
0.155516 0.00908873
0.199878 0.0101826
0.249062 0.0110117
0.314411 0.0127677
0.370197 0.0138158
0.496855 0.0160645
0.699441 0.0189735
1.05634 0.0230213
1.58239 0.0282473
2.35653 0.0348878
3.73905 0.0438379
6.0425 0.0559567
9.7739 0.0714153
16.0269 0.0920471
25.8185 0.117377
34.4234 0.136249
32.2949 0.132055
19.2294 0.10132
6.57956 0.0588221
1.32035 0.0262563
0.264906 0.0113955
0.1494 0.00848214
0.14996 0.00856531
0.122295 0.00765857
0.114927 0.00730158
0.100333 0.00689205
0.0794877 0.00640763
0.0785367 0.00610927
0.0750937 0.00614289
0.0695363 0.0060103
0.062774 0.00569592
0.0756731 0.00601474
0.0538878 0.00511179
0.0475629 0.00508321
0.0570215 0.00532179
0.0549755 0.00546106
0.0400933 0.00472238
0.041308 0.00483235
0.0401924 0.00463708
0.0430411 0.00468778
0.0302476 0.00401331
0.0314801 0.00418006
0.0242641 0.00368124
0.0384083 0.00434301
0.0220804 0.00369651
0.0278853 0.00391434
0.02532 0.0035872
0.030045 0.00389323
0.0288535 0.00374721
0.0195828 0.00346561
0.0260283 0.0038064
0.0214366 0.0035792
0.026085 0.00378126
0.0202988 0.00335949
0.017928 0.00355787
0.0218633 0.00337562
0.0289557 0.00394086
0.0243513 0.00371817
0.0192153 0.00344463
0.0228443 0.00354265
0.0210196 0.00355476
0.0200537 0.00349399
0.0206441 0.00341085
0.0210961 0.00348296
0.018195 0.00316083
0.0180349 0.00327617
0.0161993 0.00311591
0.0238176 0.00358191
0.0156452 0.00307436
0.0133144 0.00310098
0.0166276 0.00324784
0.019804 0.00325252
0.0180731 0.00317419
0.0140674 0.00306311
0.0116849 0.00303409
0.0165102 0.00318793
0.0169263 0.00295369
0.0183976 0.00333058
0.0160947 0.00311204
0.0117047 0.00280282
0.0145953 0.00318711
0.0170726 0.00323632
0.0136209 0.00350978
0.016096 0.00316526
0.0197103 0.00328353
0.0181212 0.00326268
0.0168737 0.00331765
0.0197947 0.00332893
0.0226806 0.0034689
0.0120119 0.00297411
0.0137016 0.00300448
0.0150513 0.00315434
0.0158878 0.00320965
0.0139733 0.00325022
0.0143177 0.00300604
0.0105949 0.00278031
0.0128318 0.00322129
0.0161764 0.00314812
0.0109356 0.00276646
0.0113709 0.00302432
0.0146875 0.00320707
0.0113332 0.00278318
0.00934334 0.00272851
0.0117252 0.00250556
0.014375 0.0029528
0.0155117 0.00304522
0.0152418 0.00344604
0.00775224 0.00269035
0.00819384 0.00291687
0.00705848 0.00253416
0.0196839 0.00334777
0.00966386 0.002669
0.00917604 0.00282793
0.0125026 0.00274158
0.01594 0.00291157
0.0124703 0.00283768
0.0103293 0.00278716
0.0169877 0.00327993
0.00979325 0.00300143
0.0149958 0.00285862
0.0123961 0.00317374
0.0142643 0.00283901
0.00897938 0.00272952
0.00943908 0.00276848
0.0149802 0.00279315
0.0140684 0.00292992
0.0143685 0.00313656
0.007903 0.00279787
0.0119618 0.00290349
0.00832912 0.0025028
0.00828229 0.00302188
0.0134793 0.00303184
0.0103867 0.00257528
0.00505201 0.00238045
0.0143676 0.00313186
0.0154511 0.00287515
0.0123975 0.00313928
0.0107527 0.00287156
0.00912033 0.00251905
0.00948175 0.00281697
0.00962106 0.00288624
0.0137688 0.00279692
0.00740792 0.00270353
0.0113672 0.00295277
0.0139585 0.00315117
0.0152163 0.00315408
0.0109999 0.00278038
0.012152 0.00293748
0.00975397 0.00280164
0.0103201 0.0030043
0.00983941 0.00276887
0.0161685 0.00315211
0.0131429 0.00319406
0.010665 0.0029363
0.00726832 0.00248011
0.0156714 0.00321488
0.00847578 0.0027365
0.00752599 0.0022762
0.0121725 0.00322988
0.0177509 0.00364867
0.0117441 0.00309931
0.0111621 0.00289459
0.00814128 0.00285574
0.00976328 0.0030354
0.0139795 0.00340197
0.0123727 0.00297267
# Group 1
0.00922268 0.00155795
0.00704792 0.0013964
0.00953561 0.00153807
0.00719596 0.00147797
0.0107133 0.00161371
0.00624985 0.0014328
0.0116071 0.00166106
0.0112562 0.0017127
0.0077806 0.0014399
0.0104463 0.00156049
0.00774641 0.00148968
0.00954124 0.00155516
0.0091896 0.00153303
0.0110029 0.00165271
0.00788151 0.00158083
0.0104982 0.00161436
0.00993045 0.0016487
0.00947129 0.00170307
0.00862098 0.00176037
0.00761061 0.00152747
0.0104031 0.00170122
0.00896877 0.00159693
0.00819901 0.00159072
0.0103232 0.0016472
0.0122621 0.00177121
0.0105359 0.00170406
0.00965185 0.00162228
0.00958831 0.00166991
0.0105668 0.00162355
0.00964132 0.00161911
0.0103211 0.00167575
0.0119472 0.00178459
0.013006 0.00187382
0.0100663 0.00186013
0.0118167 0.00179975
0.0107976 0.0018194
0.00947145 0.00169364
0.0115362 0.00174398
0.0109739 0.00173004
0.0106304 0.00174301
0.00999436 0.00175639
0.0128618 0.00196606
0.0108772 0.00187744
0.00955883 0.00171829
0.00980384 0.00175688
0.00977649 0.00183463
0.0121825 0.00183993
0.0130453 0.00183926
0.0126661 0.00191072
0.011559 0.00172403
0.012594 0.00186335
0.0150147 0.00199496
0.0138336 0.00189941
0.013988 0.00188486
0.0144693 0.00193984
0.0141858 0.00201342
0.0125017 0.00197247
0.0125994 0.00187519
0.0101843 0.00177005
0.0114984 0.00186629
0.0131585 0.0018568
0.0132093 0.00191785
0.0173116 0.0021698
0.015595 0.00197905
0.0135127 0.00182152
0.0119326 0.00183526
0.0140025 0.0019849
0.0118455 0.00180505
0.0162001 0.00202409
0.0136143 0.00201134
0.0175743 0.00213401
0.0144809 0.00201012
0.0127217 0.00191072
0.0174362 0.00216879
0.0158897 0.00203679
0.015647 0.0019861
0.0149336 0.00199135
0.0160437 0.00211189
0.0110532 0.0019533
0.0154772 0.00205889
0.0135134 0.00203579
0.0140152 0.0019734
0.0164317 0.00206889
0.0163856 0.00225984
0.0170587 0.00215925
0.0185153 0.00218537
0.014955 0.00211205
0.0167627 0.00221741
0.0201242 0.00235111
0.0188406 0.00228304
0.0167375 0.0021901
0.0178616 0.00222046
0.0163031 0.00216559
0.0210385 0.00229311
0.0174962 0.00227003
0.0174682 0.00216907
0.018543 0.00224423
0.0173991 0.00210262
0.0161275 0.00217796
0.0242946 0.00244566
0.0167432 0.00231045
0.0216713 0.00239952
0.019319 0.00223009
0.0215946 0.00246608
0.0197829 0.00239159
0.0237809 0.00249142
0.0204652 0.00241909
0.0264632 0.00264024
0.0253294 0.00247212
0.0226786 0.00243532
0.0245929 0.00259784
0.0277856 0.00268143
0.0271433 0.00273862
0.0303994 0.0027481
0.0342784 0.00292252
0.035994 0.00294246
0.0295087 0.00281941
0.0396386 0.00311672
0.035078 0.00307713
0.047639 0.00328349
0.0444 0.0032316
0.0471906 0.00329693
0.0494322 0.00342266
0.05598 0.00366385
0.0542304 0.0035712
0.0594212 0.0037416
0.0702219 0.0039772
0.0750671 0.00406052
0.091059 0.00452191
0.0896405 0.0044303
0.0931033 0.00456824
0.105973 0.00492248
0.124097 0.00527078
0.122365 0.00521603
0.150348 0.00580643
0.177184 0.00623346
0.208382 0.00679257
0.246918 0.00743587
0.315623 0.00832497
0.42384 0.00969858
0.58593 0.01128
0.805232 0.0133078
1.18611 0.0161035
1.80064 0.0198878
2.78034 0.0245897
4.49985 0.0314985
7.25714 0.040185
12.0298 0.0519808
19.0139 0.0658943
25.775 0.077356
25.4459 0.0768846
16.0259 0.0606137
6.0777 0.036981
1.49391 0.0183317
0.385674 0.00917011
0.204005 0.00661287
0.170654 0.00600363
0.139555 0.00557528
0.119612 0.00501941
0.107837 0.00486435
0.0965355 0.00459324
0.100893 0.00473111
0.0920239 0.00449259
0.0805486 0.00428385
0.0817874 0.00427939
0.0769149 0.00423752
0.06383 0.00380546
0.0559723 0.0036315
0.0614967 0.00374536
0.0489471 0.00348119
0.0498036 0.00351193
0.053144 0.00345772
0.0482701 0.00335816
0.0425358 0.00323787
0.0394075 0.00313978
0.0316966 0.00288568
0.0383143 0.00302269
0.032237 0.00296233
0.0323295 0.00284263
0.0310497 0.00278639
0.030174 0.00275506
0.0274026 0.00264088
0.0276869 0.00270111
0.0274222 0.00259424
0.0283111 0.00260226
0.023021 0.00252316
0.0267975 0.00251709
0.0235933 0.00247323
0.0255928 0.00267459
0.0173424 0.00232109
0.0239551 0.00251679
0.0232695 0.00250278
0.0166079 0.00227686
0.0193613 0.00226726
0.0189526 0.00230129
0.0197271 0.00228771
0.0207231 0.00229163
0.0204464 0.00239851
0.0165243 0.00235055
0.0212939 0.00241458
0.0206194 0.00244612
0.0181893 0.00228229
0.014933 0.00210449
0.0167134 0.00214029
0.0190433 0.00218288
0.0204292 0.00234372
0.0167462 0.00214271
0.0150009 0.00208695
0.0165418 0.00216562
0.0188764 0.00230024
0.0166067 0.00216894
0.0147545 0.00214541
0.0186434 0.00230374
0.0188078 0.00213408
0.0173928 0.00221788
0.0189207 0.00230138
0.0124946 0.00201148
0.0172281 0.00215322
0.0150232 0.0020896
0.0141883 0.0020749
0.0165198 0.00223295
0.0164171 0.00210814
0.0174622 0.00215132
0.0159103 0.0021727
0.0159275 0.00206107
0.0112269 0.00198583
0.0149515 0.00211826
0.0162668 0.00213788
0.0118288 0.00205985
0.0158298 0.00213527
0.0106082 0.00206858
0.0151885 0.00201446
0.0166294 0.00223293
0.0121015 0.00215908
0.0122612 0.00187468
0.0135976 0.00206568
0.0127926 0.00204658
0.0171874 0.00213572
0.0143477 0.00207237
0.0132409 0.00207833
0.0116245 0.00193548
0.0105529 0.00186337
0.0143031 0.00215614
0.0135133 0.00204364
0.0127041 0.0021044
0.0111402 0.00188682
0.0140338 0.0022692
0.0120913 0.00200355
0.0150646 0.00209516
0.0145189 0.002239
0.0138919 0.00200194
0.0146214 0.00207657
0.0127836 0.00209507
0.0167378 0.00207988
0.0124902 0.00206498
0.0136355 0.00209488
0.016144 0.00207999
0.0150086 0.00200136
0.0140124 0.00206144
0.01414 0.0020444
0.0121617 0.00194825
0.0154502 0.00199617
0.0114608 0.00198346
0.0137128 0.00203149
0.0138229 0.00194526
0.0105994 0.00191543
0.012638 0.00192886
0.0101833 0.00188713
0.012815 0.00194986
0.0123271 0.00203087
0.00812007 0.00165863
0.0147837 0.00199295
0.0101738 0.00197099
0.0114484 0.00195199
0.0144461 0.00213546
0.0172108 0.00215434
0.0122463 0.00190626
0.013115 0.00202346
0.00867625 0.00190651
0.0116947 0.0018934
0.00935278 0.00181241
0.0118615 0.00187755
0.0117742 0.00204225
0.0134143 0.00209433
0.0107007 0.00189392
0.0146662 0.00213705
0.0121531 0.00190051
0.0142075 0.00208608
0.016596 0.0021043
0.0118994 0.00202183
0.0167836 0.00224311
0.0125182 0.00207456
0.0129074 0.00199676
0.00908564 0.00192384
0.0108845 0.00199067
0.0121693 0.00216498
0.0142803 0.00227176
0.0124176 0.00227372
0.0181939 0.00239637
0.0145855 0.00222555
# Group 2
0.0128777 0.00177698
0.0099478 0.00159725
0.00958837 0.00160788
0.0102362 0.00174633
0.0121825 0.00179412
0.0116649 0.00173539
0.00919038 0.00160445
0.00937987 0.00158063
0.00750579 0.00157432
0.0110921 0.00169027
0.00930677 0.00163495
0.00944695 0.00182942
0.011889 0.00191107
0.0130325 0.0018982
0.0140808 0.00198782
0.0127374 0.00192336
0.0122891 0.00194702
0.0121582 0.00182989
0.0113754 0.00176092
0.0100905 0.00169766
0.0120352 0.00189873
0.0105461 0.00192187
0.012198 0.00200033
0.0130356 0.0018863
0.00914776 0.00178871
0.0106096 0.00195536
0.0135197 0.002056
0.00992166 0.00190591
0.0121018 0.00195823
0.0163558 0.00207762
0.0141344 0.00219642
0.015569 0.00208893
0.00997354 0.00199204
0.015116 0.00210308
0.0100648 0.00195523
0.0119881 0.00206581
0.0156828 0.00207843
0.0112352 0.00203424
0.0122791 0.00225267
0.0131948 0.00210615
0.014638 0.00208741
0.0120668 0.00203278
0.0132761 0.00208119
0.0116463 0.0020682
0.0129774 0.00202991
0.0118383 0.00193099
0.0114314 0.00206713
0.011331 0.00202983
0.0145236 0.0021814
0.012363 0.00202125
0.0116771 0.00209786
0.0202336 0.0023929
0.014504 0.00218796
0.0149996 0.0021778
0.0104445 0.00208552
0.0104474 0.00193779
0.0141305 0.0021855
0.0158118 0.0021656
0.0102412 0.00216176
0.0152654 0.0021827
0.0166685 0.0020886
0.0162363 0.00206664
0.0132329 0.00213559
0.0181358 0.00225249
0.0144823 0.00224055
0.0167607 0.00238939
0.0189754 0.00232215
0.0173088 0.00220425
0.0157025 0.00233925
0.0186114 0.00237409
0.0138114 0.00214739
0.0220908 0.00236162
0.0142469 0.00215069
0.0128137 0.00225172
0.0193942 0.002303
0.0145206 0.00229486
0.0151878 0.00228388
0.0215384 0.00256422
0.0146001 0.00227363
0.0113729 0.0021866
0.0184888 0.00245459
0.017274 0.00228615
0.0169468 0.00240286
0.0172159 0.00230203
0.0186009 0.00244185
0.014655 0.00223604
0.0206296 0.00248401
0.0183296 0.00258264
0.0222706 0.00252403
0.0171191 0.00245067
0.0224977 0.00245919
0.0186422 0.00248673
0.0194198 0.00254078
0.0173017 0.00234502
0.017971 0.00238917
0.0157026 0.00228679
0.0193174 0.00240847
0.0238649 0.00247763
0.0256171 0.00274228
0.0197304 0.00255358
0.0199591 0.00266608
0.0206557 0.00254036
0.0222805 0.00257977
0.0198099 0.00259437
0.0232234 0.00261895
0.0222076 0.00268301
0.0294817 0.00294595
0.0290362 0.00289966
0.02867 0.00280622
0.0242116 0.00268332
0.0329659 0.0029543
0.0358371 0.00311134
0.0377468 0.00313924
0.0324272 0.00301409
0.0341891 0.00303428
0.034579 0.00314868
0.0374179 0.00320009
0.0390673 0.00322111
0.0398247 0.00326547
0.0469228 0.00340448
0.047142 0.00345746
0.0533873 0.00370892
0.0527038 0.0036193
0.0640729 0.00403573
0.0656158 0.0040323
0.0665546 0.00417849
0.0744723 0.00428925
0.0829534 0.00451209
0.0826197 0.00446546
0.0892795 0.00470115
0.0968177 0.00486424
0.108229 0.00515574
0.121291 0.00547977
0.140644 0.0058016
0.153188 0.00600653
0.1843 0.0066366
0.231843 0.00732436
0.262906 0.00785169
0.319105 0.00864975
0.423518 0.009917
0.584204 0.0116544
0.813359 0.0136863
1.1588 0.0163657
1.6902 0.0198206
2.64889 0.0248003
4.13779 0.0311824
6.68597 0.0396935
11.0148 0.0512286
17.5649 0.0651385
24.636 0.0777049
25.5003 0.0790228
16.9608 0.0641788
6.54864 0.0395189
1.58226 0.0195066
0.449962 0.0103569
0.244136 0.00760362
0.199086 0.00691203
0.161949 0.00621183
0.151887 0.00601379
0.128618 0.00550941
0.126147 0.00547273
0.111801 0.00517974
0.104492 0.00497541
0.0858161 0.00459798
0.0831435 0.00457296
0.0675835 0.00420047
0.0764071 0.00433584
0.0758695 0.00441572
0.0693619 0.00420392
0.0678023 0.00419638
0.0625384 0.00400385
0.0562336 0.00387058
0.0510071 0.0034904
0.0524144 0.00370041
0.047067 0.00356895
0.049485 0.00363399
0.0364002 0.00319563
0.0387854 0.00323106
0.0348279 0.00309312
0.0351848 0.00313904
0.0398851 0.00317291
0.0357483 0.00320685
0.0366801 0.00311944
0.0323399 0.00306301
0.0282602 0.00278942
0.0311089 0.00298602
0.0290354 0.00287367
0.0235224 0.00271218
0.0285888 0.00286007
0.0312042 0.00302121
0.0257153 0.00262768
0.0226348 0.00263501
0.0253679 0.00271847
0.0252403 0.00260299
0.0220365 0.00272512
0.0269427 0.00292538
0.0257825 0.00278683
0.0259135 0.00262445
0.0240031 0.00266252
0.0207245 0.00250626
0.0189892 0.00250994
0.018188 0.00252129
0.019012 0.00237623
0.0237225 0.00258606
0.0244496 0.00263589
0.0219114 0.00251902
0.0193865 0.0025417
0.0141027 0.00226847
0.0181966 0.00246701
0.0186098 0.00249491
0.016797 0.00241684
0.0199194 0.0024644
0.0159679 0.00232488
0.0160509 0.00235374
0.0137012 0.00228629
0.0172098 0.0023386
0.0138501 0.00232845
0.0153817 0.00235644
0.0166044 0.00226937
0.0163593 0.0023401
0.0157808 0.00237484
0.0149474 0.0022838
0.0175536 0.0022356
0.0129556 0.00212079
0.0171778 0.00233322
0.0120921 0.00213917
0.0156709 0.0022609
0.0142716 0.00224042
0.0134237 0.00217012
0.0181887 0.0023772
0.0118767 0.00217784
0.0181048 0.00234347
0.0129945 0.00219858
0.0129435 0.00223564
0.0157954 0.00222241
0.0155747 0.00226197
0.017235 0.00236058
0.0150217 0.0023818
0.0143877 0.00215966
0.0162917 0.00238236
0.0123983 0.00219707
0.0125193 0.00220367
0.0167102 0.00221838
0.010438 0.00207487
0.0175241 0.00237979
0.0157029 0.00234676
0.0143181 0.00231917
0.0144488 0.00224869
0.0125371 0.00223085
0.017805 0.00235531
0.0155053 0.0022208
0.0176547 0.00232342
0.0174321 0.00235288
0.0172946 0.00232788
0.014827 0.00222308
0.0109538 0.00211298
0.0152164 0.00221127
0.0152376 0.0021633
0.0125604 0.00225134
0.0154149 0.00238488
0.0137235 0.00212356
0.00998813 0.00218815
0.0125732 0.00220109
0.0137353 0.00212104
0.0147175 0.00221984
0.0152028 0.00231328
0.0108224 0.0020055
0.0149247 0.00235193
0.0148466 0.00223928
0.0149824 0.00224757
0.0152646 0.00234544
0.017364 0.00241184
0.01329 0.00223424
0.0160729 0.00243951
0.0115388 0.00216551
0.0120376 0.00214194
0.0138654 0.00221528
0.0127719 0.0021958
0.0142735 0.00226752
0.0128865 0.00221476
0.0133054 0.0022335
0.0164096 0.00221977
0.015863 0.00217967
0.0111146 0.00219976
0.00882071 0.00195807
0.0187153 0.00233895
0.00700822 0.00201761
0.0169093 0.00239504
0.0113474 0.00206909
0.0153286 0.00235644
0.00987118 0.00200828
0.0118052 0.00223711
0.015865 0.00221382
0.0141795 0.00245272
0.0174922 0.00250545
0.015855 0.00246248
0.0123015 0.00232305
0.0136341 0.00230974
0.0130218 0.00241102
0.0207644 0.0027764
# Group 3
0.00910497 0.0017248
0.00815235 0.00180891
0.0111166 0.00184488
0.0109237 0.00183634
0.011649 0.00182944
0.00946992 0.00183868
0.0108851 0.00194536
0.0118572 0.00191463
0.0102053 0.00179239
0.0137307 0.00205257
0.0122293 0.00184234
0.0102775 0.00181989
0.00826341 0.00185052
0.0115973 0.00199045
0.0164904 0.00213277
0.0123523 0.00194598
0.0107267 0.00190332
0.0111904 0.00199073
0.0133986 0.00207538
0.0133405 0.00208584
0.0144293 0.00211316
0.0139547 0.00209303
0.0129073 0.00215153
0.0138782 0.00211805
0.0132556 0.0021695
0.0122764 0.00201619
0.0132111 0.00202922
0.0127996 0.00203844
0.0126573 0.00211051
0.0143861 0.00222772
0.019041 0.00239196
0.0194875 0.00242965
0.00647069 0.00198157
0.0154334 0.002313
0.0127995 0.00228077
0.0115005 0.00216682
0.0174273 0.00235904
0.0178419 0.00236875
0.0131197 0.00220863
0.0134784 0.00230151
0.0122253 0.00222876
0.0127507 0.00217094
0.0151101 0.00233313
0.016535 0.00238863
0.0176775 0.00255632
0.0154579 0.00239375
0.0145499 0.00237676
0.013602 0.00245888
0.00976651 0.00236823
0.014881 0.00228298
0.0210668 0.00270783
0.0157428 0.00251406
0.0164182 0.00254529
0.0159304 0.00245546
0.0138413 0.00238053
0.0144185 0.00245419
0.0187231 0.00249279
0.0216479 0.002738
0.0171672 0.00237581
0.0166959 0.00260581
0.0194327 0.00244926
0.0186691 0.00259269
0.0152208 0.0024837
0.0163605 0.0024562
0.0191605 0.00256785
0.0187836 0.00247612
0.0146592 0.00262356
0.0188199 0.0025033
0.0248405 0.0027139
0.0165745 0.00242724
0.0191279 0.00260552
0.0143486 0.00253032
0.02281 0.0027138
0.016982 0.00241657
0.0182193 0.00247779
0.0165292 0.00263891
0.0197729 0.00263705
0.02044 0.00260899
0.0234031 0.00280113
0.0172512 0.00267577
0.0168503 0.00255699
0.0239896 0.00284238
0.0220416 0.00260226
0.0241337 0.00287944
0.0209064 0.00259002
0.0195032 0.00259792
0.0246157 0.00281032
0.0237628 0.00276257
0.0302938 0.00292555
0.018318 0.00258154
0.0263898 0.00282322
0.0234743 0.00278837
0.0251 0.00281881
0.0238858 0.00273059
0.019908 0.0027936
0.0206647 0.00282242
0.0237236 0.0028131
0.0259875 0.00290058
0.02609 0.00296469
0.0265095 0.00289578
0.0267366 0.0030196
0.0264914 0.00289384
0.0242081 0.00288448
0.0226002 0.00292243
0.0322344 0.00322263
0.0275368 0.0028992
0.0307146 0.00312052
0.0328822 0.00316046
0.0361436 0.00337812
0.0402064 0.00340337
0.0365437 0.00328331
0.0358204 0.00319293
0.043384 0.00344128
0.0385898 0.00326992
0.0420403 0.00350688
0.051481 0.00372285
0.0459822 0.00351192
0.044584 0.00363151
0.0520435 0.0038811
0.0616712 0.00405924
0.052497 0.00387411
0.0608441 0.00408772
0.0682874 0.00420888
0.0729757 0.00443689
0.0710472 0.00436259
0.0856256 0.00471871
0.0961448 0.00500911
0.0919926 0.00485599
0.100856 0.00503236
0.115831 0.00540735
0.118746 0.00543592
0.134936 0.0057674
0.147085 0.00610999
0.168767 0.00647659
0.180479 0.0066899
0.210405 0.00713918
0.266768 0.0079542
0.303947 0.00862294
0.369822 0.00945649
0.463029 0.0105596
0.652276 0.0124583
0.869986 0.0142581
1.24231 0.0170522
1.83504 0.020879
2.85952 0.0259481
4.42152 0.0324048
7.08863 0.041103
11.6819 0.0530404
18.5813 0.0673753
26.3226 0.080584
27.7593 0.0829292
18.6478 0.067527
7.1538 0.0413862
1.6934 0.0202124
0.524227 0.0111633
0.307255 0.00856843
0.252417 0.00778931
0.217657 0.00719654
0.203368 0.00691259
0.155083 0.00615898
0.155235 0.00613715
0.140406 0.00582932
0.13177 0.00561421
0.12253 0.00545791
0.112444 0.00528814
0.103998 0.00516789
0.0956377 0.00489184
0.0903827 0.0047756
0.0888019 0.00473089
0.0776724 0.0044879
0.0688421 0.00426744
0.0687131 0.0041556
0.0688445 0.00412709
0.0658363 0.00408087
0.0639815 0.00403941
0.0492758 0.00364255
0.0570738 0.00391277
0.0516825 0.00361995
0.0468238 0.00361965
0.0464291 0.00357039
0.0460013 0.00353458
0.0405257 0.00336783
0.0403879 0.00339341
0.0380267 0.0033439
0.039139 0.0032652
0.0370065 0.00320838
0.0444247 0.00351511
0.0352453 0.00317694
0.0300075 0.00297093
0.0282755 0.00304825
0.0290292 0.00310735
0.0295792 0.00286459
0.0258883 0.00282969
0.030145 0.00304171
0.0373363 0.00321074
0.0317844 0.00296581
0.0298541 0.00299872
0.0245674 0.00272124
0.0256034 0.00283961
0.0312725 0.00302243
0.0176345 0.0025072
0.0274236 0.00287351
0.0268655 0.00289949
0.0242975 0.00280972
0.0256182 0.00275879
0.0226781 0.00273103
0.0201539 0.00260256
0.0222508 0.00270562
0.0228507 0.00265508
0.0208472 0.00257242
0.0235233 0.00269344
0.0233992 0.00268518
0.0241648 0.00285796
0.0207846 0.00258558
0.0201614 0.00259531
0.0263275 0.00281959
0.0188753 0.00246568
0.0164124 0.00241394
0.0218039 0.00268367
0.02144 0.00260706
0.0248441 0.00269656
0.019905 0.00262871
0.0225599 0.00265523
0.0196785 0.00251427
0.0185261 0.00247337
0.0160625 0.00248339
0.0178726 0.00240664
0.0185583 0.00251221
0.0189987 0.00247491
0.0186239 0.00243008
0.0189474 0.00257571
0.0208986 0.00265116
0.0177122 0.00252292
0.0228739 0.00263982
0.0169827 0.00245394
0.0199817 0.00245716
0.0191625 0.00248538
0.0175924 0.00253319
0.0189818 0.00248918
0.0193012 0.00258111
0.0186396 0.00250459
0.0192573 0.00245661
0.0177225 0.00259181
0.023651 0.0025733
0.0177012 0.00236805
0.0184243 0.00263411
0.0215033 0.00262455
0.0186249 0.00245902
0.0204222 0.0027293
0.0144836 0.00231205
0.0150425 0.00238601
0.0166471 0.00241826
0.0157232 0.00240409
0.0215882 0.00256424
0.016295 0.00251508
0.0162777 0.0024754
0.0165419 0.00229155
0.023575 0.00258496
0.0129992 0.00228709
0.0147318 0.00222758
0.0177657 0.00244287
0.0145878 0.00235125
0.0191959 0.0024492
0.0136863 0.00232342
0.0178865 0.00234991
0.0193336 0.00256964
0.0175925 0.00250119
0.0162204 0.00241151
0.0170167 0.00223331
0.0163507 0.00243888
0.0221684 0.00262561
0.0163436 0.00229063
0.0154165 0.00242723
0.0138538 0.00249491
0.0176542 0.00229357
0.0179667 0.00243035
0.0105044 0.00224622
0.0170213 0.00254307
0.0183763 0.00259295
0.0152035 0.002382
0.0151591 0.00243289
0.0152594 0.00245992
0.0178983 0.00250015
0.0182972 0.00253003
0.0192134 0.00244884
0.0181281 0.00257077
0.013867 0.00241499
0.0110133 0.00235621
0.0176991 0.00243591
0.0112037 0.00238687
0.0170254 0.00251281
0.0181395 0.00238429
0.0207984 0.00271644
0.0155733 0.00267001
0.0184709 0.00250082
0.0123861 0.00247412
0.0153802 0.00246068
0.0170197 0.00263631
0.0173596 0.00257224
0.0147949 0.00259512
# Group 4
0.0111858 0.00203305
0.0141968 0.00219312
0.0145546 0.00214241
0.0119362 0.00218677
0.0133158 0.00221318
0.0151107 0.00230798
0.0121005 0.0021964
0.0141855 0.00222973
0.0101245 0.00220925
0.014126 0.00225043
0.0143564 0.00223266
0.0140932 0.00223795
0.011519 0.00220125
0.0100976 0.00218526
0.0114277 0.00204687
0.016725 0.00241192
0.0113682 0.0020136
0.0167425 0.00250436
0.0147943 0.00254617
0.0134015 0.00224027
0.0173976 0.0025242
0.00988241 0.0021655
0.0159159 0.0024395
0.0216925 0.00271166
0.0163227 0.00253415
0.0194123 0.00276933
0.0156457 0.00238407
0.0174723 0.00250174
0.0188324 0.00260613
0.0119945 0.00242534
0.0190402 0.00278933
0.0174548 0.00255284
0.0179061 0.00263945
0.0205101 0.00260232
0.0139403 0.00238291
0.020126 0.00262952
0.0169661 0.00260156
0.0179781 0.00254036
0.0230004 0.00277262
0.0216254 0.0027297
0.0187341 0.00266138
0.0207832 0.00259439
0.0192456 0.00272912
0.0159609 0.00271752
0.0166692 0.00257731
0.0166739 0.00265784
0.0209642 0.00284432
0.0217148 0.00267318
0.0185261 0.00239428
0.021247 0.00284511
0.0192799 0.00265281
0.0218152 0.00294179
0.0215357 0.00287319
0.0241064 0.00291889
0.0217505 0.00275296
0.0199584 0.00288057
0.022004 0.00268807
0.0212408 0.00287326
0.0263359 0.00304027
0.0234242 0.00299422
0.0184658 0.00269713
0.0244153 0.00292713
0.0267782 0.00309226
0.0214226 0.00290638
0.0245347 0.00295986
0.0261525 0.00292837
0.0262729 0.00312381
0.0213613 0.00287701
0.0265655 0.00303292
0.0281047 0.00309316
0.0258972 0.00313069
0.0232409 0.00286462
0.0251682 0.00304263
0.0251288 0.00298181
0.0224385 0.00290101
0.0246192 0.00301804
0.023282 0.00316258
0.0268534 0.00312873
0.0230214 0.00295582
0.0285102 0.00323008
0.024909 0.00296764
0.0236336 0.00314918
0.0301191 0.00313807
0.0251785 0.00307705
0.0238794 0.003064
0.0291191 0.00316908
0.0261495 0.0032377
0.0255149 0.00323137
0.0300678 0.00353497
0.0309126 0.00334606
0.0323539 0.00330182
0.032076 0.00352942
0.0348179 0.00359929
0.0329864 0.00337171
0.0277765 0.00328583
0.031263 0.0034946
0.0306168 0.00339349
0.0304233 0.00343789
0.0322606 0.00339883
0.0364327 0.00358988
0.0354291 0.00353712
0.0333942 0.00340659
0.0386712 0.00360575
0.0370551 0.00357442
0.0369194 0.00362302
0.0382602 0.00370724
0.0353618 0.00355302
0.0466848 0.00384546
0.0402576 0.00373558
0.0397959 0.00386561
0.0407353 0.00368699
0.0472933 0.00399082
0.0575058 0.00426242
0.0489254 0.00392745
0.0628533 0.00441775
0.0531145 0.00428452
0.0618703 0.00439371
0.0572343 0.0042651
0.062427 0.00449855
0.0673501 0.0045297
0.070676 0.00480618
0.0878256 0.00511591
0.0801433 0.00499315
0.0989219 0.00541644
0.0940137 0.00542264
0.0934081 0.00537264
0.117038 0.00582804
0.122845 0.0060609
0.123331 0.00609502
0.141295 0.0064185
0.148605 0.00654979
0.16316 0.00685892
0.187846 0.00736025
0.207455 0.00773789
0.229184 0.00805615
0.243046 0.00835584
0.305207 0.00925996
0.373637 0.010293
0.446837 0.0111695
0.571041 0.0126487
0.772008 0.0146393
1.04051 0.0169685
1.49246 0.0202519
2.11271 0.0243292
3.28423 0.0302656
5.13177 0.0378661
8.14867 0.0479784
13.3169 0.0615725
20.9279 0.0777927
28.6881 0.0916052
28.888 0.0916202
18.6765 0.0731703
7.17918 0.0449796
1.95076 0.0233689
0.65991 0.0135098
0.399115 0.010535
0.34457 0.00986698
0.288271 0.00896675
0.251713 0.00840101
0.215148 0.00775942
0.204643 0.00754265
0.164307 0.00685936
0.155096 0.00667789
0.169917 0.00689102
0.152117 0.00653504
0.125014 0.00595199
0.125008 0.00609571
0.110238 0.00572042
0.106225 0.00559742
0.0919262 0.00531903
0.0910541 0.00528656
0.0871688 0.00499522
0.0881814 0.00513125
0.0837389 0.00500354
0.0753341 0.00468258
0.0659057 0.00461016
0.0626753 0.00451288
0.0671714 0.00452307
0.060387 0.00430024
0.0648792 0.00458872
0.0556517 0.00417534
0.0533672 0.0040475
0.0545001 0.00400716
0.0477214 0.00400089
0.0503429 0.00396935
0.0445338 0.00383115
0.0395311 0.00354084
0.0419578 0.003788
0.0377819 0.00356099
0.0424673 0.00372771
0.0368114 0.00360763
0.0367397 0.00368273
0.0329947 0.00343878
0.040937 0.00372814
0.0392742 0.00367554
0.0361277 0.00357751
0.031141 0.00337647
0.0331544 0.00331374
0.029077 0.00320541
0.0323705 0.0033571
0.0295366 0.003249
0.0355708 0.00348729
0.0308722 0.00336923
0.0331988 0.00341923
0.0335379 0.00343966
0.0295618 0.00327787
0.0288983 0.0031161
0.03165 0.00332459
0.0340582 0.00337094
0.0310805 0.00332793
0.0310798 0.00321102
0.0320898 0.00334974
0.0305727 0.00325933
0.0256221 0.00308693
0.0242678 0.00317859
0.0246089 0.00319819
0.0295454 0.00336915
0.0275552 0.00312655
0.0291704 0.00319853
0.0277844 0.00309804
0.0262837 0.00303017
0.022188 0.0030629
0.0232006 0.0029104
0.0244648 0.00300476
0.0187267 0.00293186
0.0241895 0.00320196
0.0257247 0.00325571
0.0261994 0.00315386
0.0263734 0.00308387
0.0234363 0.00309754
0.0211302 0.00287909
0.0207739 0.00291164
0.0253888 0.00313739
0.026133 0.00317092
0.0156027 0.00267056
0.0237168 0.00303215
0.0223261 0.00296334
0.0211385 0.00285576
0.0232464 0.00311114
0.0203314 0.00274336
0.0228107 0.00303882
0.019218 0.00287246
0.0186324 0.00292363
0.0222785 0.00293417
0.0217014 0.00294289
0.0214502 0.00286088
0.0210298 0.00293324
0.0195604 0.00287583
0.0180591 0.00277969
0.0186501 0.00297594
0.0195435 0.00290639
0.0249224 0.00320045
0.0183994 0.00293952
0.0211801 0.00296339
0.0211272 0.00284503
0.0196488 0.00301411
0.0213293 0.00289434
0.0181397 0.00282577
0.0222705 0.00299062
0.0229526 0.00292983
0.0203903 0.00287756
0.0194088 0.00270258
0.0198903 0.00276349
0.0173931 0.00276828
0.0191785 0.00276754
0.0146914 0.00275385
0.0219037 0.00300927
0.016957 0.00267865
0.0200526 0.00301915
0.0141282 0.00266951
0.0192591 0.00277945
0.0162416 0.00278107
0.0189516 0.00274407
0.0207531 0.00275778
0.0179069 0.00291067
0.0217396 0.00278889
0.0186148 0.0027809
0.0164985 0.00263889
0.018683 0.0028332
0.0159907 0.00254671
0.0224655 0.00293857
0.0189593 0.00280604
0.0197357 0.00288272
0.016266 0.00263064
0.0182472 0.00276696
0.0189445 0.00280843
0.0196937 0.00294709
0.0222526 0.00299137
0.0172087 0.00272951
0.024049 0.00308013
0.0186222 0.00304042
0.0207112 0.00293819
0.022839 0.00306666
0.0195782 0.00295365
0.0184483 0.00289816
0.020207 0.00314038
0.0156369 0.00272796
0.0195491 0.00304209
0.0235284 0.00349716
0.0139178 0.00287687
# Group 5
0.0135034 0.00197456
0.011889 0.00189615
0.0104193 0.00179656
0.00818734 0.00171209
0.0164409 0.00218004
0.0120977 0.00192409
0.0147514 0.00203492
0.0113689 0.00193718
0.0158006 0.00213233
0.0144393 0.00205737
0.0122877 0.0019284
0.0117904 0.00204029
0.0127659 0.00186843
0.0165189 0.00231437
0.0145911 0.00215883
0.0125858 0.00208082
0.0147345 0.00223231
0.0121326 0.00199206
0.0154327 0.00217905
0.0145906 0.00203369
0.0135626 0.00199499
0.0157803 0.00207962
0.0155655 0.00223151
0.0142634 0.00214453
0.0175038 0.00234327
0.0134252 0.0020512
0.0131697 0.00216992
0.0155185 0.00220268
0.0154793 0.00228841
0.0165197 0.0023344
0.0155138 0.00229963
0.0136024 0.00227304
0.0156348 0.00218409
0.0209282 0.00240524
0.0169357 0.00227059
0.0203108 0.0023976
0.0138043 0.00213199
0.0187072 0.00236191
0.014836 0.00228721
0.0212909 0.0024184
0.0217192 0.0024721
0.0187178 0.00240083
0.0182928 0.00244397
0.018039 0.00239181
0.019323 0.002439
0.0194342 0.00247002
0.0194818 0.00245962
0.022189 0.00253319
0.0206018 0.00253792
0.0195184 0.00249101
0.0191087 0.0023571
0.0192091 0.00252558
0.0135456 0.00239841
0.0196438 0.0025786
0.0169216 0.0022887
0.019543 0.00250513
0.0190618 0.00253787
0.0223266 0.00250654
0.0194946 0.00252734
0.0209395 0.00247702
0.0228919 0.00262145
0.0223334 0.00254537
0.0179015 0.00264677
0.0267301 0.00278291
0.0191188 0.00242944
0.0200874 0.00260049
0.0248722 0.00259508
0.0255731 0.00257657
0.0265926 0.00271366
0.0170233 0.00237075
0.0198011 0.00250834
0.0249741 0.00262273
0.0281451 0.0027121
0.0250981 0.00265136
0.0246976 0.00273058
0.0240253 0.00259195
0.0208149 0.00259291
0.0269413 0.0027052
0.0267645 0.00278987
0.0262901 0.00266771
0.0246159 0.00264978
0.021871 0.00257587
0.027754 0.00270362
0.0287236 0.00285301
0.0220116 0.00247733
0.0263076 0.00280691
0.0291019 0.00288497
0.0250405 0.0026997
0.0284119 0.00279477
0.0260439 0.0028229
0.0285786 0.00280855
0.031631 0.00306889
0.0315249 0.00294458
0.0285195 0.00274717
0.0269293 0.0029491
0.0270297 0.00278205
0.031546 0.00297268
0.0261726 0.00285798
0.03501 0.00301957
0.0309226 0.00300952
0.0342794 0.00298468
0.0283585 0.00281796
0.0343196 0.00306681
0.0335387 0.00296391
0.0385743 0.00315542
0.0430332 0.00334376
0.039473 0.00312287
0.0377558 0.00314711
0.038644 0.00308833
0.0440089 0.00339942
0.046835 0.00347935
0.0411725 0.00336304
0.0467116 0.00355719
0.0513881 0.00359703
0.0531175 0.00364961
0.0570674 0.00372039
0.059762 0.00380487
0.0587159 0.00381344
0.062541 0.00400123
0.0601525 0.00387654
0.0702133 0.00416205
0.0726256 0.00420625
0.0710877 0.00419759
0.0797751 0.00444261
0.0851422 0.00459675
0.101087 0.00486831
0.109932 0.00510315
0.110378 0.0051076
0.121198 0.0053108
0.131247 0.00546517
0.141737 0.00573676
0.1415 0.00570852
0.164299 0.0060917
0.188122 0.00654827
0.202682 0.00677299
0.23862 0.00738625
0.278816 0.00795585
0.312442 0.00846753
0.408584 0.00959377
0.517153 0.0107572
0.647542 0.0121488
0.883791 0.0141393
1.1714 0.0163484
1.71909 0.0197926
2.6348 0.0244605
4.08668 0.0305868
6.41271 0.0385386
10.4014 0.0492407
16.461 0.0623132
23.4366 0.0747664
25.1611 0.0773679
17.4368 0.0639333
6.8304 0.0397809
1.86719 0.0207232
0.617971 0.0117897
0.407585 0.00949059
0.332603 0.00861056
0.286725 0.00802739
0.248084 0.00743347
0.227292 0.00712534
0.208649 0.00683034
0.18464 0.00644122
0.149197 0.00579639
0.150226 0.00586779
0.136352 0.00558243
0.119238 0.00526364
0.111724 0.00505528
0.110498 0.0050424
0.0988815 0.00491007
0.0887916 0.00452295
0.0920954 0.00460034
0.0807475 0.00444561
0.088415 0.00451288
0.0729327 0.00419001
0.0719521 0.00414629
0.0707591 0.00411736
0.070443 0.00405661
0.0656034 0.00394041
0.0605603 0.00391726
0.0542837 0.00367591
0.0567687 0.00371152
0.0481842 0.00345808
0.0574306 0.00367553
0.0538682 0.00361699
0.0469664 0.003392
0.0404636 0.00319036
0.0495307 0.00352796
0.0401862 0.00319672
0.0475833 0.00345509
0.0399007 0.00321595
0.0409131 0.00318603
0.0369097 0.00307609
0.0356688 0.00314451
0.032698 0.00297445
0.038506 0.00320623
0.0354117 0.00303001
0.0317275 0.00293088
0.0306331 0.00294968
0.0288144 0.00286712
0.0350493 0.00309338
0.0304665 0.00279982
0.0344008 0.00296888
0.031348 0.0029654
0.0289038 0.00284119
0.0313557 0.00293284
0.0262701 0.00272221
0.029782 0.00288297
0.0351815 0.00301274
0.0327129 0.00299318
0.0259655 0.00264882
0.0270026 0.00269431
0.0229225 0.00267434
0.025819 0.00281886
0.0265189 0.00274744
0.0260589 0.00269466
0.0263232 0.00273006
0.0246977 0.00275675
0.0269121 0.00275087
0.0254352 0.00275504
0.0229628 0.00268283
0.0216811 0.00273989
0.0227595 0.00262066
0.0204795 0.00255314
0.0220802 0.00267133
0.0236991 0.00275651
0.019812 0.00265284
0.022702 0.00267887
0.0238761 0.00258355
0.0217067 0.0027645
0.0247918 0.00284283
0.0241066 0.00276328
0.0191115 0.00269727
0.022163 0.00276909
0.0209839 0.00273169
0.0177763 0.00265292
0.0210939 0.00291512
0.020582 0.00281975
0.0237435 0.00279206
0.0212504 0.00272655
0.0199844 0.00256063
0.0178201 0.00260939
0.0256898 0.0027663
0.0228914 0.00266201
0.0170807 0.00253455
0.0183205 0.00263071
0.025943 0.00290786
0.0199523 0.00267069
0.0198372 0.0026642
0.0196079 0.00271464
0.0232159 0.00278082
0.0206341 0.00270333
0.0221891 0.00263162
0.0153354 0.00239935
0.0202256 0.00258301
0.0173941 0.00242068
0.0167648 0.00255101
0.021161 0.00256586
0.0193083 0.00249672
0.0165396 0.00247881
0.016296 0.00253821
0.0205583 0.00263558
0.0174168 0.00248186
0.0157649 0.00248517
0.0172135 0.00259881
0.0193765 0.00254004
0.0174734 0.00260669
0.0153609 0.0025151
0.0120276 0.00225958
0.0174143 0.00257214
0.0217931 0.00268746
0.0194383 0.00257426
0.0210375 0.00262244
0.0228617 0.00269018
0.0127379 0.00225398
0.013094 0.00246504
0.0186198 0.00252388
0.0156892 0.00241669
0.016319 0.00257214
0.0188124 0.00262443
0.0156676 0.00249814
0.0195278 0.00270061
0.0208699 0.00263013
0.0152237 0.00260156
0.0147055 0.0024276
0.0141005 0.00221846
0.0155266 0.00247038
0.0163403 0.0025727
0.0184758 0.00255418
0.0198963 0.00265886
0.0151877 0.00237926
0.0164866 0.0024288
0.0170372 0.00262813
0.0151203 0.00236386
0.0188684 0.0027684
0.0154803 0.00261269
0.0160802 0.00250928
0.0183049 0.00268392
0.0204242 0.00281405
0.0197589 0.00284614
0.0168401 0.00270259
# Group 6
0.0116986 0.0014812
0.0110697 0.0014704
0.0133196 0.00154932
0.0131387 0.00162274
0.0106165 0.00151812
0.0105474 0.00145463
0.0123768 0.00154742
0.0110252 0.00155961
0.0140814 0.00163808
0.00939864 0.00136467
0.0150653 0.0016742
0.0104214 0.00153104
0.0113439 0.00157383
0.0166489 0.00175511
0.0120833 0.00155726
0.0161832 0.00171433
0.0141941 0.00170933
0.0158675 0.00173357
0.0103038 0.00163335
0.0135134 0.00159799
0.0155768 0.00170705
0.0163893 0.00178016
0.0165053 0.00172702
0.0147714 0.00169273
0.0120012 0.00167502
0.013221 0.00168854
0.0153187 0.0017797
0.0168065 0.00182506
0.0151785 0.00175794
0.0153078 0.00183547
0.0130367 0.00170244
0.0133268 0.00175545
0.0169217 0.00198185
0.0173647 0.00183791
0.0147218 0.00187662
0.0143687 0.00174555
0.0183032 0.00188675
0.0160278 0.00193588
0.0129802 0.00181293
0.0154908 0.00177154
0.0176255 0.00194068
0.018081 0.00188743
0.0165788 0.00189674
0.0196515 0.00199534
0.0177764 0.00183681
0.0147232 0.00183874
0.0186735 0.00196791
0.019739 0.00192377
0.0186315 0.0019663
0.0178846 0.00195241
0.0202757 0.00187618
0.0156927 0.00189264
0.0209782 0.00197954
0.016808 0.00188976
0.0173821 0.00194077
0.0170789 0.00190642
0.0171221 0.00205855
0.0182454 0.0020914
0.0173515 0.00189923
0.0203004 0.00194929
0.0217432 0.00209862
0.0213718 0.00205874
0.0245 0.00214909
0.0219533 0.00211865
0.0221246 0.00219288
0.0182631 0.00205765
0.023756 0.00220542
0.022008 0.00210698
0.0219982 0.00212861
0.0210331 0.00196063
0.0221561 0.00216184
0.0230294 0.00219393
0.0247063 0.00219251
0.0197782 0.00208103
0.0241764 0.00220309
0.0239686 0.00224289
0.0209416 0.00209689
0.0279449 0.0023345
0.0228889 0.00217365
0.0225665 0.00219635
0.0236045 0.0021569
0.0229667 0.00214722
0.02628 0.00229158
0.0239001 0.00218846
0.0232499 0.00218833
0.0238202 0.0022439
0.0281041 0.00240248
0.0269155 0.00225937
0.0263668 0.00233584
0.025482 0.0022856
0.0272601 0.00233573
0.0276978 0.00237267
0.0299522 0.00247129
0.02751 0.00233464
0.0289283 0.00248317
0.0308397 0.0025151
0.0320895 0.0024785
0.0300727 0.00241758
0.0326895 0.00242606
0.0304726 0.00252076
0.0341413 0.00257965
0.0314664 0.00251926
0.0373219 0.00267833
0.0369778 0.00272252
0.0374969 0.00272288
0.0408981 0.00284136
0.0398823 0.00282398
0.0390435 0.0027815
0.0414185 0.00282777
0.0409746 0.00283317
0.0435176 0.00292801
0.0511707 0.00307819
0.0440948 0.00293604
0.0518604 0.00310705
0.0518993 0.0031554
0.0553834 0.00325114
0.0543189 0.00325146
0.0603781 0.00339266
0.0620834 0.00340842
0.0640553 0.00340705
0.0707337 0.00357848
0.0662138 0.00352162
0.0743099 0.00377688
0.0761787 0.00380881
0.0935521 0.00413094
0.0930705 0.00405741
0.100135 0.00431592
0.112185 0.00448341
0.110117 0.00452847
0.119915 0.00464552
0.133422 0.00489745
0.144499 0.00509851
0.159797 0.00535258
0.18727 0.00573615
0.205707 0.00603888
0.242592 0.00654381
0.260584 0.00681843
0.313337 0.00749818
0.380641 0.00824878
0.464715 0.00910577
0.604951 0.0104585
0.807888 0.0120399
1.13354 0.0143278
1.69596 0.0175074
2.44993 0.0211883
3.83186 0.0265112
5.997 0.0332619
9.74002 0.0427264
15.4575 0.0542242
22.1026 0.0651325
24.1321 0.0680192
16.6818 0.0563057
6.75003 0.0355234
1.78779 0.0181884
0.638587 0.0107348
0.427082 0.00869979
0.34636 0.00791338
0.300891 0.00751
0.274697 0.0072284
0.23255 0.00670005
0.202835 0.00609104
0.173777 0.0056839
0.156421 0.00536357
0.145134 0.00509195
0.130617 0.0049181
0.126117 0.00485516
0.117006 0.00462772
0.114277 0.0046248
0.0992037 0.00436587
0.0952206 0.00429442
0.0973889 0.00425121
0.0846566 0.00404475
0.0806521 0.00393284
0.0802769 0.00388441
0.064273 0.00355773
0.069935 0.00372173
0.0635697 0.00350414
0.0623626 0.00351601
0.0620315 0.00345672
0.0564021 0.00333835
0.0624427 0.00343743
0.0527776 0.00331141
0.0479153 0.00314974
0.0449387 0.00301616
0.0458865 0.00312459
0.0530406 0.00325074
0.0419064 0.00296668
0.036326 0.00285831
0.0434914 0.00306638
0.0454082 0.00303671
0.0383781 0.00293648
0.0370643 0.00277593
0.0363 0.00281469
0.0318354 0.00266972
0.0329719 0.0026564
0.0346312 0.00280513
0.0360869 0.00275368
0.0369332 0.00275726
0.0316459 0.00262345
0.0292121 0.00257017
0.0294808 0.00254647
0.0313965 0.00264216
0.029596 0.00268764
0.0285846 0.00256703
0.0307842 0.00262855
0.0289838 0.00255484
0.0259114 0.00247866
0.0248065 0.00245328
0.0273014 0.00250204
0.0316136 0.00258548
0.0275813 0.00254199
0.0272914 0.00244676
0.0263012 0.0024308
0.0243347 0.00240233
0.0270587 0.00240802
0.0275097 0.00240559
0.0208577 0.00213875
0.0250193 0.00237885
0.0277069 0.00247452
0.0231078 0.0022737
0.0212725 0.00238812
0.0244374 0.0022006
0.0236432 0.00223635
0.0203761 0.00218767
0.0271566 0.00243136
0.0208492 0.00220523
0.0214402 0.00219809
0.0197872 0.00210116
0.0232665 0.00223359
0.0210336 0.00211678
0.0221153 0.00217029
0.0233041 0.00208256
0.0171588 0.00197084
0.0198371 0.00207866
0.0176425 0.0020588
0.0228106 0.00210112
0.0209798 0.00217703
0.0217643 0.00206227
0.0182434 0.00203976
0.0201815 0.00205218
0.0177488 0.00194976
0.0204965 0.00208184
0.0176796 0.00189515
0.0221326 0.00212641
0.0220319 0.00214282
0.0185143 0.00210875
0.022033 0.0020514
0.0211287 0.00203442
0.0202421 0.00206409
0.0196473 0.00207335
0.0149997 0.00197927
0.0214338 0.00214285
0.0159326 0.00196523
0.0176196 0.00201187
0.0160827 0.00191373
0.0203128 0.00204154
0.0171181 0.00193833
0.0181759 0.00202749
0.0162452 0.00194112
0.0179949 0.00198352
0.0154708 0.00185026
0.0233131 0.00212971
0.0183907 0.00193694
0.0169498 0.0019544
0.0180064 0.00200264
0.0215418 0.00209765
0.0145798 0.00189112
0.0210865 0.00205214
0.0161473 0.0018988
0.0162994 0.00192877
0.0141938 0.00181656
0.0170348 0.00190267
0.015056 0.00192367
0.0148998 0.0019349
0.0179918 0.00187338
0.0148449 0.00184032
0.0156917 0.00183158
0.0157594 0.00196145
0.0177499 0.00192892
0.0177821 0.00201836
0.0184587 0.00202944
0.0180016 0.00207512
0.0179859 0.00194014
0.0145783 0.00186659
0.0176706 0.00202065
0.0164795 0.00193531
0.0185131 0.00202367
0.0141869 0.00191222
0.0164377 0.00204245
0.0181979 0.00209563
0.0151397 0.00202694
0.0165325 0.00201204
0.0178069 0.00213068
0.0178607 0.00221798
0.0162285 0.00221375
0.0154138 0.00209848
0.0134704 0.00198267
0.0165126 0.00212767
0.017532 0.00214751
0.0186572 0.00222546
# Group 7
0.0107561 0.00132046
0.0137949 0.00146634
0.0134162 0.00137163
0.0128062 0.00143468
0.0139574 0.00143189
0.0126449 0.00140803
0.0129682 0.00135679
0.0129858 0.00140788
0.0117031 0.00132772
0.0136627 0.00146296
0.0152893 0.00149804
0.0126167 0.00145873
0.0140342 0.00149535
0.0106649 0.00135753
0.0131794 0.001474
0.0152174 0.00160751
0.0146643 0.00155371
0.0164351 0.00156694
0.0147628 0.00151506
0.0142804 0.00147493
0.014302 0.00155305
0.0134956 0.00154182
0.0160538 0.00153443
0.0147903 0.00157756
0.0159414 0.00163082
0.0157767 0.00164727
0.0169326 0.0015735
0.0137687 0.00149513
0.019078 0.00174528
0.0171738 0.00166984
0.0175929 0.00172318
0.0153292 0.00158039
0.0203395 0.00173869
0.0171259 0.00167373
0.0195975 0.00178772
0.0176928 0.00164046
0.0157113 0.00170503
0.0186351 0.00169003
0.0167539 0.00168597
0.014644 0.00164832
0.0184597 0.00175312
0.0185982 0.00168985
0.0185008 0.00177946
0.0174476 0.00167323
0.0203651 0.0017642
0.0169963 0.00168787
0.0189608 0.00170022
0.0214694 0.00186662
0.0156138 0.00167864
0.0176556 0.00174378
0.0179596 0.00169696
0.0151918 0.00165742
0.0148088 0.00163181
0.0172551 0.00171934
0.0197956 0.00177611
0.0184003 0.00175574
0.021674 0.00190442
0.0196226 0.00180506
0.0214128 0.00186279
0.0215803 0.0018422
0.0217845 0.00187583
0.0218702 0.00188831
0.0244857 0.00190847
0.026015 0.00195967
0.0228722 0.00196205
0.0216177 0.00194279
0.0211055 0.0017994
0.0209598 0.00182354
0.0230387 0.00190536
0.0218894 0.0019721
0.0224313 0.00190165
0.0238094 0.00198782
0.0244409 0.00203906
0.0267019 0.00200293
0.0236686 0.00201215
0.0227108 0.00195116
0.0250899 0.0020173
0.0242673 0.00200759
0.0265948 0.00214383
0.0238775 0.00204182
0.0239674 0.00205379
0.0251373 0.00202482
0.0264445 0.00205072
0.0293466 0.00212495
0.0287394 0.00210761
0.0309295 0.00221429
0.0299079 0.00218459
0.0279343 0.0020826
0.0313316 0.00226085
0.0262106 0.00211545
0.027611 0.00212492
0.0298192 0.00214427
0.0265723 0.00207838
0.0307851 0.00222403
0.0299327 0.0022049
0.0326052 0.00231357
0.0346076 0.00226533
0.0305935 0.00214248
0.0348055 0.00230314
0.0304363 0.00226672
0.0379182 0.00240471
0.0343977 0.00229447
0.0373547 0.00239308
0.0420075 0.00247345
0.0411796 0.00248219
0.0379248 0.00235646
0.0428765 0.00248517
0.0401438 0.00247338
0.0445523 0.00255857
0.0464287 0.00261948
0.0463309 0.00254776
0.0449201 0.00259528
0.045463 0.00259091
0.0533738 0.00275229
0.0566042 0.00281005
0.0587971 0.00289175
0.0590618 0.0028573
0.0630181 0.00300711
0.0701734 0.00316293
0.0710999 0.00314274
0.0750344 0.00320012
0.0773921 0.00327624
0.0833335 0.00340282
0.093022 0.00356399
0.0955264 0.00369194
0.101009 0.00372659
0.107703 0.00387779
0.114198 0.00394711
0.135988 0.00428075
0.140724 0.0043651
0.149018 0.00448766
0.162845 0.0046744
0.170588 0.00476711
0.189417 0.00507025
0.217401 0.00539074
0.247594 0.00580946
0.294109 0.00626295
0.347258 0.00684083
0.416961 0.00747282
0.526125 0.00840199
0.664173 0.00949508
0.876212 0.010898
1.22889 0.0129049
1.76382 0.0155199
2.601 0.0188781
4.02105 0.023491
6.23651 0.0293417
10.0737 0.0375166
16.0589 0.0477356
22.3565 0.0566585
23.7182 0.0583217
16.1892 0.0478493
6.50274 0.0300651
1.85927 0.0160597
0.686552 0.00955363
0.457223 0.00775265
0.361147 0.00702071
0.326972 0.00674739
0.294256 0.00653743
0.267045 0.00629259
0.243355 0.00584611
0.198588 0.00531061
0.174073 0.00486311
0.156097 0.00460671
0.150801 0.00449824
0.137676 0.00431101
0.127159 0.00418499
0.121897 0.00412479
0.112 0.00391833
0.104176 0.00376148
0.101556 0.00372075
0.0948559 0.00363248
0.0873386 0.00351239
0.0779716 0.00334662
0.0801095 0.00334628
0.0734679 0.00327527
0.0698192 0.00319655
0.0717494 0.00316037
0.0677354 0.00314292
0.0615955 0.00300237
0.0591156 0.0029561
0.0554643 0.0028111
0.0501569 0.00275523
0.0531875 0.00279332
0.0525971 0.00276866
0.0471937 0.0026814
0.0457595 0.00258727
0.0438815 0.00259667
0.0474491 0.00267398
0.0437382 0.00257128
0.0416709 0.00248061
0.0409458 0.00247828
0.0408092 0.00246865
0.0336685 0.00233677
0.03772 0.00245008
0.0414147 0.0025054
0.0356793 0.00235499
0.0358867 0.00239623
0.0308436 0.00224144
0.0312407 0.00225048
0.0314891 0.00221626
0.0334324 0.00234178
0.0321623 0.00225076
0.0306458 0.00226164
0.0364596 0.00235841
0.0324173 0.00225961
0.0322098 0.00224302
0.0296561 0.00217336
0.026831 0.00208052
0.0341717 0.00226014
0.0269691 0.00214615
0.0301088 0.00217803
0.0288923 0.00210322
0.0260952 0.00211411
0.0291244 0.00218614
0.025238 0.0020466
0.0259855 0.00207748
0.0257252 0.0020735
0.0223689 0.00202259
0.0249023 0.0020568
0.024369 0.00205621
0.0248422 0.00201401
0.0298764 0.00217118
0.0284617 0.00213897
0.0241875 0.00203597
0.0244428 0.0020393
0.0248979 0.00205393
0.0236706 0.00197406
0.0218192 0.00201773
0.0265094 0.00214917
0.0235262 0.00203722
0.0214829 0.00196027
0.0221371 0.00200005
0.0227111 0.00197996
0.0232344 0.00194724
0.0223938 0.00197718
0.0228354 0.00191291
0.0160221 0.00181057
0.0211517 0.00188179
0.0202715 0.00201755
0.0213354 0.00197852
0.0214177 0.00195432
0.0194624 0.00190873
0.0205777 0.00190901
0.0249572 0.00212262
0.0230042 0.00195419
0.0191214 0.00200457
0.021885 0.00195529
0.0193157 0.00191644
0.0189953 0.00191128
0.0231133 0.00201027
0.0210697 0.00196325
0.0206636 0.00190659
0.0202709 0.00198164
0.0199463 0.0018694
0.0197544 0.00188357
0.0192538 0.00190067
0.0182323 0.00189247
0.0197858 0.00201532
0.0176517 0.00189666
0.0205918 0.00192044
0.0210028 0.00201371
0.0201974 0.00191461
0.0199439 0.00193005
0.0216453 0.00193504
0.0178466 0.00185817
0.0201946 0.00195314
0.0215585 0.00194828
0.0184058 0.00188236
0.0172723 0.00187716
0.0224718 0.00205582
0.0231846 0.00199958
0.0211272 0.00191964
0.0149048 0.0018895
0.0159442 0.00184195
0.0173353 0.00185741
0.0208081 0.0020691
0.0209871 0.00199073
0.0191542 0.00198735
0.0222682 0.00200954
0.0169101 0.0018468
0.0189514 0.00186247
0.0184534 0.00194928
0.021815 0.00209673
0.0168855 0.00181397
0.0214711 0.00198187
0.0189951 0.00189154
0.0216824 0.0019958
0.0192666 0.00190062
0.0189782 0.00197514
0.0213718 0.00204615
0.0169003 0.00184678
0.0161512 0.00184943
0.0176024 0.00196512
0.0182689 0.00197968
0.0207041 0.00211291
0.0207384 0.00213419
0.0173593 0.00203677
0.0248012 0.00220793
0.0160111 0.00201822
# Group 8
0.0129989 0.00150702
0.0142125 0.00147867
0.0119462 0.00140713
0.0164155 0.00160996
0.0140383 0.00146433
0.0120515 0.00139889
0.0138976 0.00144831
0.0165615 0.00152796
0.0169552 0.00153911
0.014962 0.00153029
0.0171051 0.00159757
0.011276 0.00138261
0.0166023 0.00153899
0.0168837 0.00161865
0.0156142 0.00155649
0.0144085 0.00147231
0.0155496 0.00154603
0.0155353 0.00149815
0.016364 0.00159625
0.017434 0.00162813
0.0134053 0.00151892
0.0150162 0.00160307
0.0154984 0.00160177
0.0190688 0.00167643
0.0153834 0.00155492
0.0186276 0.00167417
0.0178462 0.00165523
0.016095 0.00161995
0.0166583 0.00161068
0.0164843 0.0016283
0.0164837 0.00169627
0.0147309 0.00170697
0.0189645 0.00176253
0.020432 0.00179202
0.0209874 0.00179396
0.0198322 0.0016968
0.0198503 0.00173172
0.0201576 0.00174711
0.0170118 0.00167303
0.0190874 0.0017097
0.022113 0.00180469
0.0189559 0.0017081
0.0221169 0.00182835
0.0226583 0.00182838
0.0207864 0.00181158
0.0226394 0.00184516
0.0229262 0.00182227
0.0172073 0.00171914
0.0233827 0.00181847
0.0249067 0.00185859
0.0212419 0.00181119
0.0258902 0.00192648
0.022031 0.0018094
0.0229136 0.00183516
0.0225127 0.00178308
0.0249194 0.00194112
0.0226715 0.00187688
0.0211283 0.00186815
0.0231722 0.00181802
0.0252743 0.00193034
0.0232921 0.00187902
0.022249 0.00183314
0.0237396 0.00187025
0.0261782 0.00189928
0.0256452 0.00197875
0.021576 0.00180534
0.0258223 0.00198076
0.0220566 0.00180035
0.0233272 0.00186325
0.0255191 0.00195803
0.0243003 0.0019423
0.0308885 0.00208681
0.0282684 0.00200596
0.0287076 0.00208361
0.0258495 0.00193467
0.0280991 0.00201025
0.0312751 0.00209056
0.0329405 0.00213735
0.0318021 0.0021191
0.0288801 0.00202824
0.0290881 0.00210012
0.0300939 0.00209478
0.0333825 0.00217318
0.0294939 0.00213477
0.032357 0.0021599
0.0329842 0.00215804
0.0334582 0.00214902
0.0332043 0.00218738
0.0370045 0.00228353
0.035755 0.00225703
0.0371097 0.00229686
0.0331185 0.00219465
0.0409507 0.00236951
0.0393515 0.00227784
0.035172 0.0022904
0.0386531 0.00233132
0.0348726 0.00225475
0.036535 0.00229852
0.0380694 0.00233249
0.0366993 0.0023361
0.0446161 0.00247605
0.0374503 0.00232858
0.0415393 0.00242637
0.0470828 0.00250628
0.0465475 0.00249604
0.0479118 0.00256197
0.041591 0.00244405
0.0526248 0.00265465
0.0562364 0.00270416
0.0535889 0.00270137
0.0597332 0.00279951
0.0586643 0.00282123
0.055296 0.00281618
0.0609589 0.00289399
0.0612888 0.00286671
0.0713967 0.0030174
0.070863 0.00303517
0.0718048 0.00310503
0.0771801 0.00312211
0.0797914 0.00318418
0.0789847 0.00318172
0.0844278 0.00324274
0.0972806 0.00351659
0.0927148 0.00341582
0.106082 0.0036066
0.115617 0.00374791
0.123981 0.00386883
0.123398 0.00389359
0.13815 0.00411063
0.14825 0.00420167
0.157281 0.00428987
0.168743 0.00448039
0.189406 0.00472201
0.208942 0.00497835
0.238964 0.00527567
0.263501 0.00555762
0.311228 0.0060598
0.361761 0.0065537
0.447395 0.00734166
0.570444 0.00829341
0.718833 0.00939036
0.975078 0.0108231
1.2978 0.0123692
1.84563 0.0146733
2.65817 0.0175316
4.06207 0.021742
6.41265 0.0273801
10.2363 0.0349537
15.8956 0.0441004
21.8882 0.0521767
22.6588 0.0530253
15.8059 0.0437465
6.86811 0.0283202
2.07826 0.0153895
0.769615 0.00916899
0.491486 0.00731446
0.403843 0.00671553
0.363593 0.00647789
0.336184 0.00632117
0.310256 0.00622139
0.270881 0.00588893
0.230171 0.00532865
0.205685 0.0049106
0.179558 0.00448792
0.167025 0.00433759
0.156364 0.00423003
0.143064 0.00402624
0.137787 0.00399059
0.127124 0.00384082
0.110616 0.00358183
0.115869 0.00366174
0.0989529 0.00340414
0.099589 0.00345309
0.0915772 0.0032964
0.0873646 0.00326466
0.0790034 0.0030738
0.0812549 0.00315065
0.0760652 0.00304945
0.0712945 0.00295608
0.071695 0.00298483
0.0658077 0.00285611
0.0684976 0.00283932
0.0689754 0.00290226
0.0601558 0.00279716
0.0600158 0.00276127
0.0593902 0.00272092
0.0592469 0.00275543
0.0566122 0.0027027
0.0543427 0.00268468
0.0520997 0.00262355
0.0546174 0.00265465
0.0489543 0.00248972
0.0489992 0.00258811
0.0488977 0.00252105
0.0446129 0.00247201
0.046443 0.00244772
0.0459444 0.00244394
0.0475229 0.00247432
0.0415826 0.00235686
0.0448339 0.00240239
0.039475 0.00235536
0.0413407 0.0024265
0.0394618 0.00236814
0.0437824 0.00243508
0.0372174 0.00232704
0.0353262 0.00223803
0.0336003 0.00226268
0.0373347 0.00226957
0.0314644 0.00211685
0.0355824 0.002284
0.0323715 0.00214539
0.0374125 0.00218037
0.0339128 0.0021722
0.0349557 0.00226398
0.0325975 0.00222887
0.0314016 0.00211903
0.027969 0.00211959
0.0371086 0.00228328
0.034236 0.00222999
0.0360913 0.00223205
0.036297 0.00223402
0.0267544 0.0020391
0.02991 0.00213376
0.0312826 0.00217277
0.033147 0.00216108
0.0357725 0.00218023
0.0308194 0.00212995
0.0286069 0.00212506
0.0314521 0.00210755
0.0294038 0.00208311
0.0374006 0.00225471
0.0304348 0.00211615
0.0313839 0.00214067
0.0278553 0.00205479
0.0284842 0.00201889
0.0348805 0.00219405
0.0319375 0.00212667
0.0272773 0.00201027
0.0285392 0.00203016
0.0280766 0.00202784
0.0300972 0.0020684
0.0247036 0.00195077
0.0281343 0.00201019
0.0302034 0.00209611
0.0274677 0.0019966
0.0251565 0.0019975
0.0335155 0.00210089
0.0242418 0.00195953
0.02782 0.00200465
0.0273375 0.00203765
0.0301562 0.0020671
0.0292213 0.00205985
0.025492 0.0019788
0.0257471 0.00202079
0.0269912 0.00198554
0.0270076 0.00201336
0.0273942 0.00197689
0.0263274 0.00196982
0.028634 0.00200347
0.0264236 0.00196749
0.0282989 0.00203213
0.02766 0.00194374
0.0267857 0.00197462
0.0272825 0.00200456
0.0237523 0.00193674
0.0272514 0.00201842
0.029437 0.00195012
0.0262676 0.00196372
0.0235834 0.00190444
0.0276034 0.00190222
0.0246267 0.00189436
0.0234792 0.00189189
0.0260131 0.00194552
0.0285415 0.0019979
0.0245906 0.00192082
0.0248347 0.00193954
0.0212402 0.00183328
0.0251174 0.00198845
0.0230109 0.00189374
0.0247404 0.00190478
0.0237921 0.00189054
0.0225265 0.00188147
0.0190548 0.00189369
0.0237617 0.00190139
0.0237197 0.00193962
0.0202542 0.0018332
0.0238499 0.00189391
0.0224415 0.00187904
0.0256686 0.00188298
0.022308 0.00190346
0.0241263 0.00197604
0.0243772 0.0020226
0.0195196 0.00195651
0.0232381 0.00199243
0.0224829 0.00200981
0.0274081 0.00214656
0.0218691 0.00205199
0.0255266 0.00216538
0.0246527 0.00218136
0.0222208 0.00207108
