# Number of Energy transfer values
300
# Number of q values
9
# Energy transfer (micro eV) values
-119.6
-118.8
-118
-117.2
-116.4
-115.6
-114.8
-114
-113.2
-112.4
-111.6
-110.8
-110
-109.2
-108.4
-107.6
-106.8
-106
-105.2
-104.4
-103.6
-102.8
-102
-101.2
-100.4
-99.6
-98.8
-98
-97.2
-96.4
-95.6
-94.8
-94
-93.2
-92.4
-91.6
-90.8
-90
-89.2
-88.4
-87.6
-86.8
-86
-85.2
-84.4
-83.6
-82.8
-82
-81.2
-80.4
-79.6
-78.8
-78
-77.2
-76.4
-75.6
-74.8
-74
-73.2
-72.4
-71.6
-70.8
-70
-69.2
-68.4
-67.6
-66.8
-66
-65.2
-64.4
-63.6
-62.8
-62
-61.2
-60.4
-59.6
-58.8
-58
-57.2
-56.4
-55.6
-54.8
-54
-53.2
-52.4
-51.6
-50.8
-50
-49.2
-48.4
-47.6
-46.8
-46
-45.2
-44.4
-43.6
-42.8
-42
-41.2
-40.4
-39.6
-38.8
-38
-37.2
-36.4
-35.6
-34.8
-34
-33.2
-32.4
-31.6
-30.8
-30
-29.2
-28.4
-27.6
-26.8
-26
-25.2
-24.4
-23.6
-22.8
-22
-21.2
-20.4
-19.6
-18.8
-18
-17.2
-16.4
-15.6
-14.8
-14
-13.2
-12.4
-11.6
-10.8
-10
-9.2
-8.4
-7.6
-6.8
-6
-5.2
-4.4
-3.6
-2.8
-2
-1.2
-0.4
0.4
1.2
2
2.8
3.6
4.4
5.2
6
6.8
7.6
8.4
9.2
10
10.8
11.6
12.4
13.2
14
14.8
15.6
16.4
17.2
18
18.8
19.6
20.4
21.2
22
22.8
23.6
24.4
25.2
26
26.8
27.6
28.4
29.2
30
30.8
31.6
32.4
33.2
34
34.8
35.6
36.4
37.2
38
38.8
39.6
40.4
41.2
42
42.8
43.6
44.4
45.2
46
46.8
47.6
48.4
49.2
50
50.8
51.6
52.4
53.2
54
54.8
55.6
56.4
57.2
58
58.8
59.6
60.4
61.2
62
62.8
63.6
64.4
65.2
66
66.8
67.6
68.4
69.2
70
70.8
71.6
72.4
73.2
74
74.8
75.6
76.4
77.2
78
78.8
79.6
80.4
81.2
82
82.8
83.6
84.4
85.2
86
86.8
87.6
88.4
89.2
90
90.8
91.6
92.4
93.2
94
94.8
95.6
96.4
97.2
98
98.8
99.6
100.4
101.2
102
102.8
103.6
104.4
105.2
106
106.8
107.6
108.4
109.2
110
110.8
111.6
112.4
113.2
114
114.8
115.6
116.4
117.2
118
118.8
119.6
# q (1/Angstrom) values
0.3
0.5
0.7
0.9
1.1
1.3
1.5
1.7
1.9
# Group 0
0.0086796 0.00217123
0.0105778 0.00235747
0.00721894 0.0022111
0.00556956 0.00182227
0.0149617 0.00279194
0.0125581 0.00280821
0.0103917 0.00233481
0.0102753 0.00220046
0.0107867 0.0026058
0.00851602 0.00233349
0.0130562 0.00258735
0.0118133 0.00247401
0.0136298 0.00272343
0.0131098 0.00280939
0.0122905 0.00283957
0.0160166 0.00296816
0.0124647 0.00235574
0.00946693 0.00242608
0.0146318 0.00281574
0.015296 0.00276302
0.0168537 0.00303049
0.015755 0.003048
0.012184 0.00277886
0.0170323 0.00317449
0.0143589 0.00289829
0.0111317 0.00257677
0.0135432 0.00262001
0.0138969 0.00264184
0.0141498 0.00282369
0.0168865 0.00303593
0.0146109 0.0027691
0.0125909 0.00284722
0.0100265 0.00264879
0.0185919 0.00315307
0.0117635 0.00283898
0.0135252 0.00287865
0.0166974 0.00292243
0.0173458 0.00310162
0.0150948 0.00317007
0.0151883 0.00295122
0.0153686 0.00310325
0.0182879 0.00317605
0.0148672 0.00277662
0.0132502 0.00279198
0.0203656 0.00330464
0.0130801 0.00288981
0.0164035 0.00303338
0.0160625 0.00301719
0.0221833 0.00346826
0.0166557 0.00341374
0.0123622 0.00293388
0.0149725 0.00305599
0.0189805 0.00332643
0.0180215 0.00305713
0.0130687 0.00288195
0.0199625 0.00324562
0.0216583 0.00335786
0.0195951 0.00368265
0.02225 0.00344204
0.0188228 0.00329991
0.017147 0.00315209
0.0178474 0.00314615
0.017105 0.0031828
0.0118405 0.002795
0.020316 0.00340962
0.01609 0.00302379
0.0169575 0.00308375
0.0201432 0.00338691
0.0205479 0.00356841
0.0263908 0.00374139
0.0228534 0.00349273
0.0260672 0.00359936
0.0152515 0.00323515
0.0150584 0.00308405
0.0210553 0.00344873
0.0221791 0.00383294
0.0167597 0.00362133
0.0257108 0.00380802
0.0142839 0.00334552
0.0194895 0.00330352
0.0229383 0.0035229
0.022128 0.00351618
0.0288461 0.00396607
0.0242325 0.0036184
0.0173445 0.00351562
0.0169811 0.00328151
0.0224343 0.00361976
0.0182866 0.00346055
0.0210607 0.00363473
0.0208088 0.00381419
0.0217178 0.00378459
0.0270354 0.00395631
0.0243778 0.00367245
0.0231219 0.00371363
0.0186696 0.00339614
0.0350806 0.00441938
0.0234977 0.00383612
0.0234057 0.0036558
0.0271866 0.0040244
0.0342111 0.00439276
0.0340537 0.00448987
0.0297425 0.00407756
0.0304981 0.00439927
0.0303104 0.00431586
0.0381185 0.00430743
0.035431 0.00439572
0.0333835 0.00416129
0.0419745 0.00457429
0.0356041 0.00455542
0.0398379 0.00456029
0.0365863 0.00436039
0.0462554 0.00497654
0.036794 0.00441448
0.044442 0.00496359
0.0539946 0.00531923
0.0555201 0.00547396
0.0506008 0.00515841
0.0550474 0.00539545
0.0492403 0.00519251
0.0537752 0.0056326
0.0631598 0.00590165
0.0740499 0.00620547
0.0723795 0.00606354
0.0704071 0.00616103
0.0865507 0.00681567
0.0941681 0.00711854
0.0882677 0.00661956
0.106287 0.00734543
0.117029 0.00782768
0.124618 0.00807917
0.12845 0.00829678
0.151974 0.0088421
0.159989 0.00914792
0.193364 0.0100297
0.200358 0.0103978
0.244873 0.0114084
0.296546 0.0122331
0.34224 0.0136195
0.449406 0.0154313
0.583218 0.0177057
0.809482 0.0207495
1.10816 0.024301
1.6112 0.0294323
2.46946 0.0366864
3.80494 0.045533
6.14625 0.0581339
9.9305 0.0742608
16.428 0.0958996
25.8394 0.120964
34.4836 0.140326
33.0649 0.137616
19.7281 0.105719
6.83338 0.0616859
1.42846 0.027983
0.365317 0.0135695
0.242401 0.0109016
0.196066 0.00991544
0.18721 0.00957645
0.158738 0.00873982
0.164496 0.00890259
0.132013 0.00822704
0.120581 0.00767178
0.114728 0.00764046
0.111229 0.00760984
0.106263 0.00738522
0.0924391 0.00676239
0.10164 0.00703983
0.0886414 0.00679469
0.0867787 0.00659815
0.0729034 0.00631907
0.0776872 0.00639393
0.0666314 0.00605155
0.0661236 0.00589553
0.0617681 0.00564773
0.0585889 0.00549549
0.0508363 0.00523595
0.0567145 0.00539606
0.0490573 0.00498287
0.0479812 0.00514753
0.0475824 0.00503026
0.0380058 0.00440733
0.0554929 0.00526888
0.0471659 0.00483712
0.0457529 0.00498188
0.0406766 0.00470658
0.0426775 0.00483827
0.0310749 0.00418258
0.0386473 0.00451411
0.0312047 0.00443691
0.0348532 0.00424588
0.0284465 0.00405091
0.0296897 0.004143
0.0301053 0.0041955
0.0351245 0.00436276
0.032621 0.00433706
0.039009 0.00466504
0.0277231 0.00395822
0.0249481 0.00383578
0.0216123 0.00350417
0.0284682 0.00402382
0.0288406 0.00403766
0.0263303 0.00384104
0.0236566 0.00372438
0.0260135 0.00402658
0.0328388 0.00433966
0.0283165 0.00388942
0.0295608 0.00399255
0.0259125 0.00394361
0.0228217 0.00387748
0.0252773 0.00386605
0.030778 0.00395902
0.0270595 0.00397356
0.027076 0.00392606
0.0256007 0.00384728
0.023149 0.00385245
0.0193322 0.00349839
0.0176143 0.00390086
0.0202262 0.00355733
0.0185648 0.00331776
0.0200034 0.00349668
0.0210833 0.00368867
0.0200975 0.00346337
0.0262838 0.00380828
0.0154513 0.00333671
0.0204281 0.00357669
0.025018 0.00390533
0.0219061 0.0037116
0.0162634 0.00353728
0.0281265 0.00401427
0.0162693 0.00331085
0.0189194 0.0037368
0.0230123 0.00370829
0.0238828 0.00376346
0.0219894 0.00383673
0.0207774 0.00373925
0.0258493 0.0038803
0.0203898 0.00362087
0.0210919 0.00331536
0.0183792 0.00334376
0.0229707 0.00366588
0.0114341 0.00332576
0.011405 0.00308945
0.0127465 0.0033682
0.0148773 0.00325419
0.0193036 0.00342974
0.0161651 0.00324464
0.0161121 0.00344341
0.0189354 0.00331063
0.0160464 0.0030058
0.0172903 0.00329833
0.0184112 0.00347285
0.0130755 0.00310305
0.013968 0.00341765
0.0200164 0.00332448
0.00853038 0.00302435
0.0178592 0.00320752
0.015117 0.00330878
0.0178737 0.00349539
0.0171462 0.00304681
0.0213397 0.00354552
0.0156816 0.00334988
0.0162963 0.00352716
0.0149481 0.0032355
0.0157669 0.00319701
0.0120954 0.00343157
0.0137062 0.00315745
0.0260038 0.00380227
0.0216655 0.00373277
0.00858819 0.00279917
0.0205226 0.00334391
0.014753 0.00341488
0.017406 0.003465
0.0147732 0.00307838
0.0133249 0.00322638
0.0190757 0.00366963
0.019244 0.0033065
0.01474 0.00336644
0.0156288 0.0033701
0.01551 0.00336893
0.01527 0.00325175
0.0171463 0.00334131
0.0149339 0.00324293
0.0156513 0.00336163
0.015512 0.0034907
0.0133189 0.00315773
0.0185008 0.00342828
0.0142078 0.00339423
0.0170093 0.00351575
0.0124964 0.00302961
0.0189589 0.00356117
0.0133402 0.00323812
0.0153217 0.00306596
0.0199211 0.00389778
0.0162242 0.00368327
0.0128647 0.00330402
0.0190068 0.00361414
0.0163879 0.00362379
0.0204223 0.003956
0.019519 0.0039345
0.0173101 0.00350702
# Group 1
0.00930491 0.00161601
0.0131946 0.00183195
0.015378 0.00192906
0.012868 0.00187143
0.0178292 0.00205663
0.00923299 0.00167958
0.0118083 0.00172507
0.0103678 0.00171496
0.0129316 0.00181047
0.0136153 0.0017966
0.013114 0.00186755
0.0139937 0.00187195
0.013086 0.00181433
0.0158526 0.00198517
0.0142288 0.00199806
0.0125588 0.00179088
0.0121393 0.00183653
0.0125232 0.00194234
0.0101659 0.00191326
0.0163004 0.0020755
0.0150855 0.00200758
0.0126435 0.00186898
0.015485 0.00205732
0.0169861 0.00206354
0.0136091 0.00190845
0.0138491 0.00195116
0.0147912 0.0019735
0.0121511 0.00187573
0.0152529 0.00194335
0.0147993 0.00197261
0.0160229 0.00205507
0.0143875 0.00197431
0.0168098 0.00213175
0.0148652 0.00217013
0.012536 0.00189514
0.0155447 0.00213246
0.0137442 0.00199375
0.018958 0.00218669
0.0186818 0.00218485
0.0166428 0.00212486
0.0177038 0.0022133
0.0156277 0.00217409
0.0156781 0.00219241
0.017944 0.0022068
0.0193416 0.00229702
0.0183586 0.00232514
0.0181718 0.00220386
0.0182174 0.00217025
0.02014 0.00233581
0.0219955 0.00231347
0.0174053 0.00217098
0.0195094 0.00227552
0.0178594 0.00216383
0.0211869 0.00229959
0.0156907 0.00206858
0.0217816 0.00243311
0.0184143 0.00232503
0.0191665 0.00226857
0.0203827 0.00234655
0.0171656 0.00222731
0.0186433 0.0022033
0.0207773 0.0023479
0.0210533 0.0024075
0.0216179 0.00232957
0.0277057 0.00254546
0.0229399 0.00242706
0.0207454 0.00236979
0.0248133 0.00248051
0.0198976 0.00226333
0.020603 0.00239976
0.0230578 0.0024488
0.0243133 0.00251612
0.0188586 0.00227474
0.0263449 0.00262199
0.0255618 0.00253342
0.0252836 0.00248638
0.0222877 0.00239747
0.0250927 0.0025753
0.0230918 0.00256999
0.0219287 0.00242034
0.0238213 0.00256123
0.0290977 0.00269174
0.0254185 0.0025377
0.025116 0.00270188
0.026991 0.00265112
0.0266443 0.00260179
0.0241885 0.00258159
0.0251755 0.0026438
0.0286611 0.0027648
0.0261719 0.00267026
0.0237933 0.00256225
0.0322664 0.00286801
0.0304912 0.00281007
0.0285379 0.00267249
0.0214422 0.00252151
0.0283561 0.00269897
0.0319954 0.0028626
0.0323552 0.00278919
0.0294043 0.00278813
0.031013 0.00276472
0.0301048 0.0029008
0.0264183 0.00267427
0.03671 0.00298518
0.0375817 0.00313245
0.0349893 0.00304242
0.0387435 0.00311332
0.0363063 0.00308583
0.0392699 0.00317844
0.0430598 0.00319746
0.044492 0.0032912
0.0373543 0.00313643
0.046574 0.00339249
0.0380436 0.00320512
0.0467136 0.00338031
0.051607 0.00355613
0.053217 0.00357466
0.0567187 0.00375888
0.0528132 0.00361345
0.0631719 0.00399789
0.05971 0.00373733
0.069852 0.0040473
0.0705653 0.00404147
0.0721499 0.0041374
0.0726695 0.00420636
0.086563 0.00449692
0.08628 0.00451934
0.0980162 0.00472602
0.103311 0.00481359
0.119879 0.0052504
0.115041 0.00511112
0.132185 0.00549879
0.125982 0.00547851
0.157981 0.00602492
0.173047 0.00627033
0.210687 0.00694373
0.211817 0.00693722
0.256478 0.00765869
0.307747 0.00842701
0.382862 0.00932648
0.4796 0.0105457
0.627318 0.011944
0.899542 0.0144339
1.27158 0.0171598
1.83662 0.0206639
2.82199 0.0254845
4.45396 0.0322923
7.20109 0.0413029
11.7844 0.0530244
18.6657 0.0672115
25.0852 0.078479
24.9672 0.0784927
15.9834 0.0623876
6.20047 0.0384872
1.63713 0.0196638
0.521246 0.010804
0.311866 0.00828299
0.261283 0.00750403
0.22578 0.00710254
0.197901 0.00652309
0.175565 0.00621818
0.155396 0.00585775
0.156517 0.00592233
0.133664 0.00547212
0.132208 0.00548932
0.116035 0.00514368
0.100422 0.00487325
0.101925 0.00480494
0.0939828 0.0046501
0.0899753 0.00454313
0.0869942 0.00454137
0.0637807 0.00399314
0.0799096 0.00426863
0.077475 0.00423519
0.0704482 0.00410389
0.0622655 0.0039058
0.0576974 0.00376727
0.0600246 0.00375382
0.0581635 0.00383051
0.0553718 0.00365288
0.0527574 0.00356717
0.0531032 0.00357185
0.0498717 0.00347441
0.047477 0.00345152
0.0460708 0.00331505
0.0439489 0.00322672
0.0390072 0.00317757
0.0416497 0.00312484
0.0364337 0.00302428
0.0360651 0.00312866
0.0335494 0.00301656
0.0350226 0.0030122
0.0350782 0.0030174
0.0378992 0.00314369
0.0368115 0.00301307
0.0382745 0.00309977
0.0363461 0.00300026
0.0320809 0.00281683
0.0327683 0.00294469
0.030111 0.00295895
0.0296101 0.00281192
0.026621 0.00277706
0.0278104 0.00274343
0.0289112 0.00276118
0.0219369 0.00244575
0.0283699 0.00264905
0.0269355 0.00268135
0.0288592 0.00271077
0.0250636 0.00259704
0.0285755 0.00273326
0.0263673 0.00268765
0.024609 0.00258591
0.0284469 0.00277781
0.0254328 0.00265631
0.0258593 0.00250526
0.0205853 0.00243516
0.0209256 0.00246595
0.0266666 0.00269448
0.0226142 0.00246249
0.0257566 0.00262781
0.0200265 0.0024071
0.0262088 0.00269784
0.0238813 0.00250594
0.0208648 0.00237668
0.0226878 0.00254094
0.0224434 0.00242171
0.0221353 0.00254296
0.0217521 0.0024874
0.0205189 0.00240655
0.0219075 0.00257984
0.026845 0.00267092
0.0213467 0.00260492
0.0218064 0.00238118
0.0208592 0.00248907
0.0186415 0.00251766
0.0238087 0.00247844
0.0228832 0.0025467
0.0213345 0.0024976
0.0241071 0.00249888
0.017863 0.00230685
0.0159045 0.00228547
0.0184799 0.00232732
0.0235007 0.00252445
0.0199452 0.0024792
0.0185956 0.00234964
0.0210293 0.00254171
0.0188208 0.00231038
0.0173221 0.00249371
0.0195288 0.00241352
0.0213083 0.00244479
0.0136195 0.00229207
0.0222921 0.0024465
0.0212295 0.00243791
0.0172584 0.00237073
0.0183806 0.00222617
0.019787 0.0024722
0.0172133 0.00233593
0.0199107 0.00232544
0.0201769 0.00231045
0.0200107 0.00240235
0.0192695 0.00235067
0.0183592 0.00231458
0.0185423 0.00221193
0.0213404 0.00249787
0.021076 0.00243263
0.0239847 0.00247665
0.0166782 0.002281
0.0202365 0.00235445
0.0145728 0.00217631
0.0185965 0.00229415
0.0192684 0.0024201
0.0181138 0.00222734
0.0177846 0.00220371
0.0166041 0.00234805
0.0205922 0.00244288
0.0148788 0.00223867
0.0149428 0.00212607
0.0192962 0.00230549
0.0177463 0.00230687
0.0210999 0.00253475
0.0167269 0.0022
0.0176883 0.00228589
0.0173535 0.00220803
0.0159136 0.00231266
0.0164775 0.00230914
0.0184072 0.00233956
0.0175877 0.00235118
0.0184006 0.00226748
0.0195159 0.00240331
0.0189126 0.00228256
0.015257 0.00226112
0.0185256 0.00240171
0.0190679 0.0024532
0.0171243 0.00228187
0.0148787 0.00229964
0.0172078 0.00238157
0.0171867 0.00248247
0.0169551 0.00247766
0.0166414 0.0025569
0.0178114 0.00246731
0.019302 0.00254172
# Group 2
0.0160122 0.00201242
0.0146988 0.00194163
0.0171836 0.00210685
0.0131155 0.00197039
0.0132352 0.00191162
0.0182807 0.00216564
0.00922594 0.00165992
0.0153902 0.00199713
0.014568 0.0020574
0.014728 0.00195798
0.0180241 0.00218982
0.0150845 0.0022056
0.0173017 0.00225707
0.015667 0.00211385
0.0157902 0.00214233
0.0163781 0.00218335
0.0179757 0.00231142
0.0159783 0.00210916
0.0189179 0.002227
0.021481 0.00236737
0.0141904 0.00207003
0.0139519 0.00217467
0.0177387 0.00235207
0.0158818 0.00210011
0.0204021 0.00243669
0.0173873 0.00236856
0.0187771 0.00238776
0.0179703 0.00238353
0.0167037 0.0022648
0.0196455 0.00231787
0.0166613 0.00240875
0.017886 0.00227183
0.0188956 0.00250256
0.0204649 0.00242785
0.0177664 0.00240907
0.0172913 0.00240366
0.0172574 0.00223085
0.0171019 0.00239883
0.0148072 0.00245532
0.0192723 0.00247618
0.0198039 0.00240849
0.0175813 0.00238112
0.024705 0.00268447
0.0200962 0.00253401
0.022548 0.00255906
0.0200038 0.00241072
0.0184238 0.00248068
0.0209337 0.00256951
0.0201757 0.00252344
0.0251171 0.00269212
0.0225001 0.00267445
0.0200051 0.00246454
0.0223437 0.00262274
0.0185331 0.00242706
0.01878 0.00256182
0.0225997 0.00259958
0.0167716 0.00240023
0.0256804 0.00269514
0.0190452 0.00266064
0.0223509 0.0025974
0.0226424 0.00245301
0.0245675 0.00253587
0.0246751 0.0027276
0.0238541 0.00259034
0.0283961 0.00292484
0.026448 0.00288513
0.026729 0.00273923
0.028193 0.00276054
0.0262634 0.00286857
0.0277074 0.00283453
0.0228147 0.00264009
0.0262488 0.00261342
0.0307729 0.00293899
0.0244041 0.00283974
0.0306581 0.00285708
0.0284136 0.00296029
0.0319482 0.00305048
0.0290227 0.00295198
0.0281862 0.00293884
0.0276147 0.00296764
0.0287695 0.00295805
0.0302143 0.0029121
0.03181 0.00309156
0.027403 0.00282162
0.026654 0.00286033
0.0289331 0.00292509
0.0313517 0.00299436
0.0267991 0.00301037
0.036621 0.0031563
0.035121 0.00324274
0.0344016 0.00300837
0.030911 0.00306571
0.0361284 0.00326109
0.0348013 0.00313528
0.0406778 0.0033482
0.0318504 0.00303804
0.0326307 0.00303083
0.0371834 0.00308423
0.0371445 0.00324845
0.0333778 0.00315217
0.0333403 0.00324949
0.0362752 0.00322669
0.0454323 0.00350929
0.0447558 0.00357437
0.040126 0.00332897
0.04127 0.00346084
0.0381568 0.00334894
0.0506012 0.00371873
0.0536039 0.00374995
0.0485946 0.0036297
0.0541096 0.00374315
0.0508294 0.00369455
0.0524737 0.00371182
0.0595208 0.00397276
0.0602166 0.00394957
0.0607158 0.00405912
0.0659039 0.00416668
0.0663143 0.0041348
0.0642911 0.00410887
0.0729832 0.00426173
0.0782103 0.0044368
0.0813215 0.00456547
0.0893292 0.00469821
0.0929772 0.00487159
0.0972906 0.00493485
0.096605 0.00503322
0.110145 0.00522536
0.121492 0.00547764
0.120611 0.00542457
0.131645 0.00575231
0.146167 0.00602099
0.16428 0.00640533
0.164235 0.00643054
0.199099 0.00699334
0.21956 0.00729624
0.228218 0.00750578
0.284223 0.00827008
0.334543 0.00901422
0.370525 0.00951257
0.50435 0.0110589
0.650348 0.0125647
0.877504 0.0146207
1.22909 0.0173598
1.78726 0.020926
2.66176 0.0255698
4.16518 0.0321821
6.59259 0.0406318
10.7377 0.0520817
16.8782 0.0656949
23.5409 0.0780229
24.6941 0.0800446
16.4813 0.0651669
6.57257 0.0407915
1.71629 0.0208407
0.592179 0.0120747
0.361583 0.00941283
0.300457 0.00856233
0.276406 0.00817314
0.231902 0.00751904
0.214394 0.00717247
0.195128 0.00688888
0.175253 0.0065523
0.16836 0.00639535
0.153914 0.00617334
0.141322 0.00597017
0.129794 0.00573069
0.124902 0.00556713
0.097436 0.00505083
0.106639 0.0052163
0.105349 0.00522049
0.106722 0.00519747
0.0920317 0.0049189
0.0955913 0.00480214
0.0846467 0.00467469
0.0750274 0.00448141
0.072849 0.00439751
0.0697286 0.00428733
0.0644171 0.00411658
0.0624777 0.00406753
0.0652553 0.00417189
0.0562712 0.00379405
0.0615053 0.00411831
0.0604768 0.00398887
0.0528517 0.00384403
0.0556529 0.00382253
0.0476279 0.00365405
0.0503952 0.00370601
0.0489926 0.00370886
0.0485364 0.00365051
0.0448288 0.00358992
0.0464952 0.00349351
0.0452985 0.00355845
0.0417734 0.00341172
0.0429235 0.00336672
0.0394037 0.00345708
0.0346855 0.00331809
0.043555 0.00352615
0.0415837 0.00330761
0.038867 0.00332536
0.0351267 0.00316607
0.027689 0.00297366
0.0301707 0.00309658
0.0377017 0.00322209
0.0320427 0.00301417
0.0347912 0.00314063
0.0356274 0.00315634
0.0307217 0.00308779
0.0337419 0.00318149
0.0307129 0.00307041
0.0313828 0.00311037
0.0329857 0.00316899
0.030763 0.00299497
0.0293902 0.00298031
0.0242382 0.00279906
0.0268401 0.00294275
0.0261615 0.00281402
0.0224836 0.00280321
0.0281829 0.00298834
0.0264378 0.00279762
0.0242011 0.00276582
0.0258529 0.00288847
0.0245165 0.00279638
0.0334175 0.00299639
0.0275438 0.00286638
0.0252205 0.00277221
0.0271268 0.00290063
0.0279989 0.00288455
0.0257326 0.00284446
0.0241309 0.00275054
0.0254479 0.00278235
0.0246021 0.00284049
0.0257542 0.00276398
0.0282232 0.0029537
0.0264397 0.00291239
0.0256983 0.00276465
0.0248175 0.00276572
0.0218389 0.00265293
0.0229873 0.0028129
0.0178457 0.00240755
0.0210223 0.00269
0.0176339 0.0025318
0.0233736 0.00278475
0.0259218 0.00271816
0.0217842 0.00269472
0.0248711 0.00278552
0.0205177 0.00264494
0.0209922 0.00270554
0.0243781 0.00278065
0.0245454 0.0028557
0.0247265 0.0027512
0.024636 0.00271718
0.0196993 0.00249658
0.0246092 0.00274815
0.018925 0.00248705
0.0245185 0.00275212
0.0237275 0.00278667
0.0222657 0.00262155
0.0268574 0.00277078
0.016815 0.00253633
0.0236472 0.00283379
0.0202496 0.00252034
0.0174315 0.00262957
0.0164148 0.0024702
0.0203813 0.00251843
0.0197308 0.00254302
0.021568 0.00268901
0.0197163 0.00252794
0.0189401 0.00262426
0.018661 0.00250463
0.017663 0.00246049
0.0182165 0.00256253
0.0189249 0.00256731
0.0200223 0.00263485
0.0204121 0.0027241
0.0193721 0.00262524
0.0210091 0.00265049
0.0183987 0.00250956
0.0176906 0.00251036
0.0201658 0.00261849
0.019401 0.00259919
0.0185826 0.00256634
0.0224978 0.00257944
0.0196609 0.00243854
0.0180737 0.00261255
0.0176013 0.00249328
0.0204156 0.00250233
0.0163562 0.00256534
0.0151931 0.00239774
0.0168562 0.00242939
0.02201 0.00274688
0.0193896 0.00257167
0.0222836 0.00280724
0.0208508 0.00253641
0.0162816 0.00265414
0.0226336 0.00283108
0.0211804 0.00280213
0.0189725 0.00273927
0.0160147 0.00251275
0.0162181 0.00267454
0.0203469 0.00285951
# Group 3
0.0140269 0.00207624
0.0134185 0.00218153
0.0117232 0.00194635
0.0183778 0.00230319
0.0161489 0.00214514
0.0179088 0.00236967
0.0169636 0.00233748
0.0175148 0.00228456
0.0158493 0.00217957
0.0164493 0.00226193
0.0170754 0.00217846
0.016474 0.00222817
0.0198112 0.00251696
0.0186638 0.00243732
0.0227247 0.00250801
0.0183471 0.00233323
0.0201797 0.00247279
0.0186037 0.00245051
0.02167 0.00255535
0.0173892 0.00236777
0.016744 0.00230258
0.0212549 0.00252999
0.0225265 0.00269024
0.0218465 0.0025732
0.0219069 0.00266332
0.0193407 0.00244978
0.0223521 0.00255985
0.023177 0.00261811
0.0186781 0.00248819
0.0223892 0.00269377
0.0245251 0.00273136
0.0209384 0.0025767
0.0209737 0.00276933
0.0237911 0.00276617
0.0203802 0.00271381
0.0221565 0.00275188
0.0264474 0.00284715
0.0221568 0.00264738
0.0219275 0.00270156
0.0264579 0.00296624
0.0246825 0.00287997
0.0228526 0.0027339
0.0215577 0.00272405
0.0254537 0.00286107
0.0233102 0.0028922
0.0287028 0.00305008
0.023432 0.00286531
0.0197284 0.00283988
0.0235097 0.00306838
0.0305199 0.00306637
0.0299358 0.00316546
0.0293179 0.00317554
0.0252086 0.00301616
0.0269718 0.00302855
0.0247088 0.00295641
0.0238417 0.00296201
0.0269102 0.00294392
0.0278667 0.00309909
0.0280948 0.00295875
0.0270083 0.00314321
0.035027 0.00319577
0.0312763 0.00320576
0.0319635 0.00326286
0.0326223 0.00322543
0.0287837 0.00307204
0.0289699 0.00300499
0.0284203 0.00328187
0.0272361 0.00295521
0.0325452 0.00311225
0.0333728 0.00321331
0.031173 0.00319132
0.0336719 0.00339592
0.0309102 0.00313268
0.0314092 0.00312242
0.0319759 0.00314101
0.0329944 0.00338403
0.0305862 0.00316523
0.0298321 0.00308827
0.0312867 0.00321619
0.0272989 0.0031858
0.0372715 0.00345157
0.0300363 0.00317969
0.0415405 0.00345524
0.032264 0.00329879
0.0386787 0.00337853
0.0387517 0.00344393
0.0408833 0.00351032
0.0392707 0.00344333
0.0400712 0.0033776
0.0438689 0.00365031
0.0401364 0.00342505
0.0415338 0.003558
0.0414476 0.00351198
0.038533 0.00338715
0.0375764 0.0035514
0.0506589 0.0039629
0.0358121 0.00337198
0.0509763 0.00386756
0.0469141 0.00378323
0.0503911 0.00380995
0.0422694 0.00365917
0.0484328 0.00376855
0.0520493 0.00394809
0.0485904 0.00391643
0.0503619 0.00392463
0.0604934 0.00409638
0.0630007 0.00424764
0.0526767 0.00392127
0.0643929 0.0043622
0.0553091 0.00399634
0.0627728 0.00420663
0.067067 0.0042669
0.0632152 0.00415879
0.0694241 0.00432626
0.0674265 0.00436925
0.0697035 0.00436675
0.0859967 0.00476229
0.084048 0.00483759
0.086411 0.00493087
0.0928206 0.00498806
0.0974296 0.00516714
0.111771 0.00545492
0.10739 0.00529633
0.121488 0.00568667
0.117313 0.00558159
0.124486 0.00573016
0.134255 0.00594606
0.146045 0.00612048
0.163484 0.00642387
0.173629 0.00668604
0.1804 0.00676752
0.193221 0.00700691
0.206983 0.00731047
0.219004 0.00750507
0.258462 0.00811193
0.293926 0.00855731
0.333317 0.00907164
0.384151 0.00986641
0.457255 0.0107114
0.570246 0.0119608
0.707114 0.0132685
0.955286 0.0153632
1.33002 0.0181693
1.91389 0.0219022
2.81505 0.026483
4.30427 0.0329034
6.84439 0.0416324
11.0386 0.0530837
17.585 0.0673906
24.7307 0.080143
26.2051 0.0828769
17.9442 0.0681784
7.0298 0.0422659
1.86698 0.0217593
0.691032 0.0130631
0.483307 0.0109342
0.401983 0.00992546
0.341843 0.00914165
0.291421 0.00842713
0.263659 0.00806754
0.236079 0.00765648
0.23398 0.00759326
0.221518 0.00736265
0.206644 0.00715424
0.184376 0.00681155
0.158821 0.0063867
0.159265 0.00632284
0.148541 0.0061184
0.13505 0.00585684
0.130051 0.00577982
0.133039 0.00583122
0.121518 0.00552486
0.114496 0.00534021
0.111788 0.00530482
0.108149 0.00525139
0.100418 0.00506994
0.0890665 0.00484066
0.0871521 0.00468246
0.0844588 0.00474709
0.0809335 0.00462488
0.0762949 0.00448163
0.0734507 0.00442753
0.0767162 0.00453364
0.0653743 0.00425952
0.0723493 0.00434027
0.0652473 0.00416861
0.0568571 0.00399639
0.0607078 0.00406274
0.0612402 0.00405654
0.0635528 0.00423394
0.0547429 0.00402944
0.0565574 0.00385003
0.0573202 0.00394771
0.0525669 0.00387276
0.0498947 0.00371121
0.0507209 0.00370137
0.0487256 0.00372466
0.048922 0.00365809
0.0433742 0.00355658
0.0543705 0.00385845
0.0458789 0.00363278
0.0375099 0.00332825
0.0412776 0.00350615
0.0351663 0.00330939
0.0434866 0.00349781
0.0401234 0.00345646
0.0428355 0.00351256
0.0413982 0.00349513
0.0390941 0.00334662
0.0384366 0.00332727
0.040229 0.00340134
0.0404669 0.00339611
0.0348877 0.00334569
0.0321862 0.00311928
0.0400714 0.00342166
0.0358696 0.00326549
0.0357375 0.00321639
0.0392099 0.00337783
0.034503 0.00326508
0.0329507 0.0031363
0.037173 0.00323976
0.0311187 0.00315721
0.0294384 0.00301977
0.0365511 0.00325569
0.0327685 0.00312633
0.0255474 0.00296609
0.0354567 0.00318738
0.0297558 0.00305771
0.0337516 0.00314855
0.0328668 0.00308796
0.0290826 0.00306566
0.0308982 0.00312764
0.0322323 0.00317947
0.0292886 0.00297416
0.0286282 0.00302383
0.0296313 0.00294026
0.0279775 0.00293207
0.0296771 0.00310086
0.0323378 0.00310704
0.0277134 0.00301732
0.0310241 0.00308435
0.0299598 0.00298005
0.0323659 0.00324674
0.0297709 0.0029028
0.027592 0.00286881
0.029667 0.0031542
0.031975 0.00311804
0.0289153 0.00296414
0.0244683 0.00299159
0.0272429 0.00294132
0.0234027 0.00282951
0.0319599 0.00311426
0.0244967 0.00285849
0.0287667 0.00294087
0.0288396 0.00311481
0.0293429 0.00309263
0.0314258 0.00299924
0.0268504 0.00280586
0.0248319 0.00287604
0.0277688 0.00287519
0.0244003 0.00281482
0.0259156 0.0029179
0.0221781 0.00266249
0.0247286 0.00287789
0.0290426 0.00290631
0.0282807 0.003021
0.0223881 0.00279751
0.022211 0.00275752
0.0224525 0.00256212
0.0275415 0.00298732
0.0253458 0.00283722
0.022058 0.00262577
0.0220543 0.00280141
0.0217808 0.00292127
0.0280763 0.00282532
0.0270327 0.00289613
0.0189908 0.00271178
0.0224803 0.00285415
0.0215853 0.00281837
0.0227955 0.0027906
0.0172446 0.002617
0.0269851 0.0030257
0.0237712 0.00283628
0.0268079 0.0029633
0.022001 0.00266452
0.0205105 0.00277065
0.018172 0.00269736
0.0218886 0.00291964
0.0285321 0.00297757
0.0194385 0.00284466
0.024006 0.00290022
0.0282203 0.00289467
0.0260209 0.00303152
0.0194366 0.00294756
0.0233516 0.0028098
0.0253145 0.00313288
0.0245892 0.00296589
0.0247013 0.00306956
0.0301308 0.00323539
0.0258773 0.0031939
# Group 4
0.022546 0.00273776
0.0198375 0.00258217
0.015882 0.00229079
0.0199216 0.00269306
0.0193778 0.00261973
0.0198803 0.00263866
0.0202112 0.00271099
0.0211969 0.00268473
0.0122854 0.00242118
0.0220726 0.00274605
0.0170174 0.00246044
0.0218856 0.00272811
0.0186195 0.00266152
0.0206458 0.00283873
0.0250239 0.00285796
0.0267914 0.00298943
0.0270148 0.00293543
0.0238272 0.00294181
0.0207268 0.00293189
0.0246423 0.00290014
0.023114 0.00288972
0.0257037 0.00305358
0.02121 0.00280194
0.0237772 0.00288739
0.0187655 0.00275922
0.0310769 0.00337835
0.0310285 0.00320195
0.0307387 0.00319877
0.0241118 0.00294715
0.0311208 0.00340039
0.0301238 0.00338241
0.0327569 0.00332634
0.0225237 0.0029514
0.0317279 0.00318653
0.0258674 0.00304597
0.0309255 0.00320958
0.025773 0.00310845
0.0284221 0.00311321
0.0308842 0.0032077
0.031797 0.00327327
0.0328915 0.00336931
0.0329353 0.00322959
0.0346703 0.00348504
0.0317829 0.00347692
0.0303834 0.00327453
0.0319142 0.00340466
0.0317392 0.00339242
0.0383347 0.00347991
0.0392828 0.00340231
0.033014 0.00345324
0.0326863 0.0033345
0.0382787 0.00369361
0.0332911 0.00346171
0.0328049 0.00338318
0.0319731 0.00329465
0.0324534 0.0035015
0.03408 0.00331307
0.0341461 0.00351648
0.0336224 0.00346263
0.0386551 0.00371349
0.0353191 0.00352224
0.0314019 0.0033257
0.0418923 0.00377436
0.0368231 0.00363823
0.0400858 0.00369192
0.0383838 0.00352961
0.0369333 0.00365472
0.0359695 0.00358097
0.038875 0.00362128
0.0392955 0.00363059
0.04269 0.00388118
0.0477535 0.00392596
0.0447093 0.00390205
0.0456155 0.00389386
0.0444174 0.00387911
0.0456925 0.00393832
0.0464407 0.00413755
0.0458844 0.00395951
0.0396435 0.00374551
0.0471114 0.00404376
0.0517432 0.00411439
0.043169 0.00401739
0.0456615 0.00385966
0.0549949 0.00430635
0.0512386 0.00421257
0.0537749 0.00420265
0.0513054 0.00427644
0.0466798 0.0041381
0.0483022 0.00430013
0.0545093 0.00432316
0.0573105 0.00430465
0.0537792 0.00441216
0.0583935 0.0045119
0.0533797 0.00422895
0.0551221 0.00438919
0.0471679 0.00419121
0.0586744 0.00449551
0.0608599 0.00460346
0.0576832 0.00440014
0.0625284 0.00456757
0.0630304 0.0045745
0.0699525 0.00475839
0.0633115 0.00456168
0.0665004 0.00467854
0.0614356 0.00456668
0.0711442 0.00488221
0.0742345 0.00493029
0.0823118 0.00507191
0.0800947 0.00511632
0.069737 0.0049411
0.0842605 0.00515504
0.088913 0.00534127
0.10327 0.00566473
0.0865326 0.00518899
0.0948152 0.00543592
0.0933174 0.00555112
0.103275 0.00566653
0.117235 0.00600175
0.11517 0.00603515
0.116045 0.00594456
0.127884 0.0063722
0.125981 0.00618984
0.131632 0.00638719
0.131475 0.00633116
0.148421 0.00680859
0.153022 0.00687042
0.192318 0.00751451
0.179344 0.00737117
0.198215 0.00774999
0.218081 0.00807173
0.227899 0.00821597
0.242665 0.00849171
0.277372 0.0090433
0.28906 0.00927706
0.308332 0.00952017
0.371069 0.0104319
0.417815 0.0110188
0.478839 0.0118682
0.55862 0.0127368
0.696627 0.0142778
0.885845 0.0160235
1.13443 0.0182276
1.55281 0.0212879
2.2103 0.0255581
3.27569 0.0310808
4.96244 0.0383189
7.707 0.0481265
12.4028 0.0611771
19.4657 0.0771484
26.4437 0.0902723
27.0156 0.0911271
17.4736 0.0728789
6.92549 0.0455405
2.0617 0.0246705
0.859985 0.0157455
0.612685 0.0133124
0.475232 0.0117582
0.450692 0.0113824
0.385606 0.0105595
0.357203 0.0101111
0.337946 0.0098366
0.30796 0.00945067
0.269102 0.00887183
0.254257 0.00859354
0.22641 0.00811012
0.216484 0.00788884
0.204224 0.00781071
0.202054 0.00771722
0.185273 0.00739327
0.174877 0.00725598
0.161046 0.00697429
0.148212 0.00657373
0.153325 0.00675949
0.135954 0.00638372
0.138279 0.00636938
0.129167 0.00630531
0.114569 0.00596999
0.112458 0.00583172
0.118368 0.00595428
0.105326 0.00578289
0.101834 0.00557048
0.100664 0.00550829
0.0910211 0.00520384
0.092672 0.00541343
0.0903633 0.00525369
0.0908007 0.0053098
0.0918342 0.00524116
0.0762906 0.00495909
0.0732168 0.00480521
0.0757456 0.00487802
0.0772978 0.00499811
0.0702668 0.00485626
0.0775171 0.0049563
0.0687318 0.00473434
0.0595993 0.00445993
0.0587189 0.00445357
0.0666982 0.0046751
0.0647755 0.00449714
0.0595587 0.0043854
0.0584984 0.00436038
0.0525497 0.00419699
0.0595767 0.00440396
0.0525287 0.00424495
0.0555399 0.00430742
0.058057 0.00440053
0.0554954 0.00430678
0.0539382 0.0041301
0.0556828 0.00428541
0.0517892 0.00411238
0.0504415 0.00413795
0.0559231 0.00421595
0.0508527 0.00412366
0.0459639 0.00393839
0.0528705 0.00419091
0.0455587 0.00407569
0.0509244 0.00425787
0.0471638 0.00411969
0.050292 0.00407258
0.0434363 0.00385656
0.0480096 0.00395055
0.0486071 0.00396715
0.0482507 0.00413539
0.0414251 0.00374015
0.0428654 0.00382992
0.0437669 0.00400591
0.0378785 0.00383843
0.0427675 0.00400137
0.039239 0.0037782
0.0483225 0.00402355
0.0382951 0.00378991
0.0367346 0.00361812
0.037047 0.00367317
0.0354727 0.00364564
0.0372281 0.00370321
0.0326486 0.00351857
0.0415684 0.00383714
0.0369522 0.00365589
0.0353879 0.00354669
0.0379014 0.00379159
0.0346992 0.00346911
0.0340229 0.00359992
0.0297745 0.00342979
0.041014 0.00391022
0.0396253 0.00373041
0.0338958 0.00354853
0.0361702 0.00356362
0.0334549 0.00354981
0.0396656 0.00378514
0.034274 0.00356925
0.0265377 0.00342673
0.0337568 0.00359528
0.0381792 0.00381317
0.0378509 0.00381411
0.0336645 0.00358144
0.0413549 0.00377194
0.0284168 0.00349313
0.0328906 0.00348788
0.0394601 0.00379425
0.0287176 0.00336416
0.0347769 0.00352357
0.0275802 0.00330018
0.0336035 0.00341932
0.0317473 0.00337605
0.0301778 0.00342138
0.029862 0.00334291
0.032164 0.00360492
0.03266 0.00356198
0.0387425 0.00369266
0.0288013 0.00349785
0.0284924 0.00340965
0.0303858 0.00335636
0.0347727 0.00365902
0.0287121 0.0032799
0.0292988 0.00323981
0.026895 0.00341166
0.0316865 0.00332431
0.0267765 0.00324029
0.028653 0.00327546
0.02605 0.00325989
0.0273147 0.00316483
0.029342 0.00333577
0.0313415 0.00343896
0.0333585 0.00355924
0.0303904 0.00335808
0.0303116 0.00340509
0.0307859 0.00343083
0.0251891 0.00329988
0.028711 0.00337682
0.0316271 0.0034749
0.028765 0.00339402
0.0259753 0.00347591
0.027175 0.00332014
0.0257171 0.00331319
0.0278466 0.0034447
0.0346128 0.00372166
0.0299261 0.0036788
0.0295245 0.00349724
0.0341366 0.00380164
0.033909 0.00406958
0.0290023 0.00371541
# Group 5
0.0159858 0.00218454
0.0183752 0.00233678
0.0157397 0.00218605
0.0181865 0.00236802
0.0222369 0.00254672
0.0222074 0.00254324
0.0172837 0.00224323
0.0213266 0.00255192
0.0253679 0.00268756
0.0203606 0.00244188
0.0204371 0.00244976
0.020207 0.00256529
0.0210337 0.00239416
0.0200278 0.00257706
0.0225868 0.00264049
0.0246298 0.00276086
0.0223303 0.00269308
0.0248896 0.00272278
0.0234349 0.00265521
0.02232 0.00251345
0.0275571 0.00277142
0.0238824 0.00256577
0.0280736 0.00290245
0.0273865 0.00284679
0.0267035 0.00285802
0.0286075 0.00287092
0.0252347 0.00283499
0.0245489 0.0027147
0.0257671 0.00284829
0.0246764 0.00280649
0.0273581 0.00293792
0.0252171 0.00289411
0.0281449 0.00285269
0.0306692 0.00291352
0.0265683 0.00279598
0.029521 0.00289413
0.0276759 0.00287129
0.0273854 0.00283617
0.0311077 0.00308737
0.0344627 0.00307272
0.0316814 0.00297986
0.0245611 0.00275042
0.0275142 0.0029384
0.0261259 0.00282645
0.0303199 0.00299525
0.0302769 0.00302018
0.0309833 0.00303435
0.0310623 0.00300417
0.033353 0.00315037
0.0365788 0.00328553
0.0325989 0.00302537
0.0330235 0.00318022
0.0317586 0.00324461
0.0306104 0.00312103
0.0424388 0.00341215
0.0402808 0.00340927
0.033717 0.00322551
0.0404108 0.00331636
0.0358331 0.00328213
0.0334408 0.0030933
0.0372058 0.00328624
0.0332924 0.00308117
0.0296437 0.00320461
0.038524 0.00332297
0.0443283 0.0034981
0.0333391 0.0032192
0.0457371 0.00346732
0.0433168 0.00333926
0.0406722 0.00332703
0.0368638 0.00325161
0.0341416 0.0031685
0.0470812 0.00351806
0.0391997 0.00321544
0.045443 0.00349142
0.0358158 0.00324295
0.045534 0.00346802
0.0472603 0.00363032
0.0413036 0.00331967
0.0382651 0.00330914
0.0464807 0.00347921
0.0455389 0.00348715
0.0480893 0.00359515
0.0427109 0.00333815
0.051217 0.0037033
0.0497354 0.00356234
0.042598 0.00347267
0.0482939 0.003624
0.0466329 0.00354332
0.0395028 0.0032797
0.0481312 0.00367529
0.059461 0.00389771
0.0420141 0.00352135
0.0489921 0.00361112
0.0574379 0.00380568
0.0610288 0.0041135
0.0544737 0.00379147
0.0544939 0.00381112
0.0471818 0.00366672
0.0556137 0.00376895
0.059804 0.00399289
0.0615115 0.00392508
0.0579101 0.00388063
0.0671768 0.00416787
0.06269 0.00398022
0.0669259 0.00410686
0.0678315 0.00416894
0.074238 0.0042468
0.0720399 0.00426385
0.0768808 0.00432629
0.0771146 0.0044371
0.0759783 0.00439438
0.0864525 0.00469393
0.0783627 0.00452705
0.0881739 0.00468422
0.0907375 0.00473806
0.100192 0.00492877
0.103566 0.00501372
0.099972 0.0049595
0.108019 0.00522235
0.12916 0.00559173
0.109591 0.00521719
0.127301 0.00555145
0.116397 0.00536037
0.141532 0.00588093
0.13727 0.00583057
0.146326 0.00592729
0.153186 0.00607383
0.169578 0.00636498
0.181138 0.00655997
0.1958 0.00678559
0.211475 0.00709893
0.220394 0.00722394
0.250808 0.00762122
0.26528 0.00790722
0.311074 0.00851925
0.314195 0.00861022
0.355762 0.00915103
0.415011 0.009919
0.51074 0.0109336
0.608356 0.0119378
0.742636 0.0132817
0.975078 0.0152665
1.2918 0.017654
1.82369 0.0209273
2.56547 0.024854
3.91125 0.0308387
6.06106 0.0387007
9.52475 0.0486254
15.1945 0.0616714
21.3377 0.0733631
22.97 0.076165
15.928 0.0630201
6.56927 0.0402534
1.93096 0.0216608
0.811607 0.0137766
0.573375 0.0115228
0.490941 0.0106202
0.437239 0.010067
0.376749 0.00932118
0.33338 0.00876129
0.304257 0.00839515
0.289519 0.00819261
0.269384 0.00788688
0.241877 0.00755168
0.232819 0.00737852
0.220854 0.00717506
0.196568 0.00676092
0.189114 0.00663801
0.181591 0.00661157
0.160867 0.00612274
0.159182 0.0060878
0.150624 0.00603916
0.148342 0.0058954
0.133352 0.00564636
0.128292 0.00554683
0.120363 0.00536888
0.115064 0.00520608
0.10364 0.00497863
0.101188 0.00502655
0.107461 0.00510353
0.094233 0.00477488
0.0961351 0.00482451
0.0927765 0.004715
0.0890853 0.00465205
0.0830244 0.00448699
0.0776228 0.00435978
0.0731274 0.00428875
0.0782118 0.00438157
0.0730135 0.0042714
0.0746404 0.00431539
0.0697641 0.00414689
0.0644409 0.00401148
0.0625693 0.00404572
0.0602335 0.00393841
0.0658485 0.0041145
0.0661704 0.00406917
0.0676889 0.00413145
0.0639112 0.00407068
0.0600766 0.00395926
0.0544194 0.00379565
0.0498144 0.00356064
0.0542175 0.00369894
0.0520018 0.0037357
0.0570873 0.00385042
0.0508497 0.00367718
0.0519503 0.00368423
0.0551267 0.00378963
0.0473056 0.00351571
0.050552 0.00366743
0.0507436 0.00359259
0.0445765 0.00340979
0.047544 0.00360762
0.0453668 0.00357835
0.0420822 0.0033891
0.0428306 0.00338302
0.0434156 0.00342624
0.0454109 0.00357884
0.0473813 0.00355778
0.0373646 0.00329725
0.0504496 0.00372045
0.0440965 0.00361479
0.0386945 0.00331238
0.0390769 0.00334674
0.0425483 0.00351835
0.0370534 0.00334846
0.0365538 0.00338752
0.0388973 0.00339045
0.0363247 0.00317934
0.0324244 0.00329259
0.0382932 0.00345864
0.0374806 0.00339269
0.0275184 0.00315272
0.0343044 0.0033609
0.0370006 0.00347127
0.0354224 0.00348936
0.0351665 0.00357699
0.0359887 0.00353407
0.0345246 0.00332748
0.0348552 0.00338297
0.0327908 0.00321628
0.024364 0.00299775
0.0358248 0.00327958
0.0359196 0.00330144
0.0289133 0.00314813
0.0292253 0.00319614
0.033956 0.00331898
0.0336596 0.00333468
0.0292613 0.00316315
0.0319233 0.00332769
0.0324556 0.00326401
0.0315482 0.00325374
0.0338692 0.00321138
0.029695 0.00312865
0.0314198 0.00315723
0.0328488 0.00319733
0.0369099 0.00347978
0.0332661 0.00318003
0.0263981 0.00290737
0.0334342 0.00329126
0.0295512 0.00320763
0.0364765 0.00339157
0.0259452 0.00296096
0.0308739 0.00323022
0.0246235 0.00302089
0.0311217 0.00314601
0.0216971 0.00289529
0.0285974 0.00318995
0.0232347 0.00288651
0.0274363 0.00310599
0.0272779 0.00301998
0.0285089 0.00305203
0.0275853 0.00299603
0.0266408 0.00294822
0.0340024 0.00328831
0.0213434 0.00294177
0.0322214 0.00320229
0.0272532 0.00302244
0.0212906 0.00288783
0.0236617 0.00292796
0.021807 0.00286556
0.0277515 0.00314346
0.0208833 0.00271715
0.0207333 0.00294673
0.0284058 0.00312062
0.0250854 0.00283568
0.0206789 0.00280717
0.0262345 0.00310085
0.0270422 0.00302695
0.024241 0.0029465
0.026517 0.00299798
0.0241092 0.00288263
0.0274136 0.00317749
0.0233647 0.00286058
0.0288044 0.00330614
0.0222066 0.00302782
0.02231 0.0029048
0.029327 0.00327544
0.0224896 0.00300398
0.0229713 0.00310804
0.0254865 0.00321754
# Group 6
0.0182643 0.00183442
0.0184405 0.00186283
0.0214159 0.00195594
0.0194133 0.00194611
0.0210132 0.00202335
0.0202929 0.00194395
0.0209875 0.00197444
0.0170776 0.00188546
0.0189214 0.0019033
0.0194258 0.00188565
0.0204619 0.0019595
0.0233482 0.00213689
0.0195454 0.00198211
0.0188564 0.00191379
0.0246817 0.0021431
0.0213204 0.00198484
0.0215412 0.00207468
0.0245835 0.00214492
0.0216681 0.0021641
0.02568 0.00215755
0.0258721 0.00217451
0.0239866 0.00214362
0.0232887 0.00206231
0.0257207 0.00218403
0.0269373 0.00232671
0.0273613 0.0023056
0.0284962 0.00234555
0.0289367 0.00234019
0.0212135 0.00206383
0.0265078 0.00232943
0.0261334 0.00228964
0.0228929 0.00219631
0.0245178 0.00233026
0.0323351 0.00244278
0.0263292 0.0023685
0.0279307 0.00233044
0.0257517 0.00223604
0.0282849 0.00244319
0.0248388 0.00232554
0.0270835 0.00228375
0.0289786 0.00241373
0.0298642 0.00238274
0.0269433 0.00234932
0.0294581 0.00240126
0.0323335 0.00242898
0.0261673 0.00233489
0.0285036 0.00238643
0.0343772 0.00251119
0.028671 0.00239368
0.0329907 0.00255141
0.0366527 0.00251889
0.0352303 0.00263505
0.0367099 0.00258305
0.0330257 0.00253217
0.0342065 0.00259059
0.0313972 0.00248528
0.0333804 0.00267611
0.0337297 0.00268309
0.0351105 0.00259416
0.0360355 0.00256972
0.0375072 0.00269457
0.0367461 0.0026426
0.0330262 0.00250225
0.0355877 0.00264133
0.0367199 0.00274029
0.0358336 0.00271151
0.0365171 0.00269014
0.0412106 0.00278957
0.0366959 0.00267566
0.0413822 0.00270154
0.0405347 0.00281592
0.0403392 0.00280746
0.039757 0.00273968
0.0400006 0.00280573
0.0444158 0.00289535
0.042254 0.002875
0.0384929 0.00273513
0.042045 0.00283542
0.0472661 0.00299097
0.0369459 0.00272945
0.0447314 0.00288086
0.0463544 0.00293754
0.0438355 0.00290098
0.0534829 0.00313393
0.0485074 0.00301893
0.0457518 0.00297939
0.0493118 0.00308516
0.051498 0.00305178
0.0491309 0.00306822
0.0484617 0.00304399
0.0509969 0.00309334
0.050077 0.00310048
0.053484 0.00320151
0.057143 0.00326001
0.0622477 0.00346897
0.0597447 0.00338633
0.0556341 0.00322458
0.0560541 0.00323806
0.0642987 0.00337289
0.0622701 0.00345094
0.0663661 0.00350843
0.0657641 0.00352863
0.0643574 0.00348364
0.0755421 0.00378384
0.0619271 0.00345615
0.0688045 0.00363499
0.0797967 0.00389193
0.0680393 0.00362172
0.0737399 0.0037435
0.084 0.00397226
0.0796947 0.0038962
0.0851586 0.00396805
0.0913713 0.00413793
0.0863671 0.00401292
0.0990418 0.00430087
0.0905926 0.00415137
0.10091 0.00438149
0.0947667 0.00425131
0.103857 0.00442276
0.117177 0.00462507
0.115903 0.00461982
0.120538 0.00473271
0.130562 0.00497498
0.13934 0.00511615
0.14571 0.00519528
0.151086 0.00523259
0.164358 0.00552783
0.172409 0.00561007
0.183704 0.00585892
0.192703 0.00595808
0.201901 0.00610516
0.217665 0.00635422
0.240775 0.0066411
0.262158 0.00691379
0.280062 0.00718003
0.311834 0.00755323
0.367678 0.00822126
0.404589 0.0086731
0.464487 0.0092899
0.583156 0.0104087
0.712702 0.0115742
0.916913 0.0131693
1.23465 0.0153827
1.67289 0.0179004
2.38296 0.0215349
3.65248 0.0266936
5.50111 0.0329595
8.85879 0.0421003
13.8155 0.052928
19.4249 0.0629321
21.1619 0.0657673
14.9071 0.0550033
6.19496 0.035206
1.85738 0.0190558
0.791068 0.0122043
0.579646 0.010383
0.507778 0.00971292
0.445598 0.00923756
0.416446 0.00898083
0.365856 0.00842697
0.330532 0.00787166
0.299333 0.00752339
0.268262 0.00710705
0.249931 0.00680875
0.225944 0.00653685
0.208172 0.00627926
0.206827 0.00621884
0.184157 0.00591747
0.165695 0.00566093
0.16174 0.00560733
0.15426 0.00540753
0.15775 0.00552646
0.129146 0.0050082
0.135253 0.0050807
0.123265 0.00491363
0.121483 0.00489
0.118873 0.00477814
0.108161 0.00462017
0.11282 0.00467312
0.111439 0.00466276
0.105273 0.00449491
0.0975585 0.00444834
0.0924293 0.00432466
0.0969037 0.00436682
0.0825179 0.00412609
0.0877368 0.00418761
0.0833847 0.00410739
0.0820525 0.00412285
0.0805182 0.00408846
0.0706682 0.00379178
0.0688299 0.00384897
0.0708207 0.00378514
0.0669685 0.00373595
0.06816 0.00377365
0.0693362 0.00375976
0.0681917 0.00381488
0.0671632 0.00371007
0.0622186 0.00356202
0.0590552 0.00351683
0.0573256 0.00348322
0.064361 0.00365567
0.0566116 0.00346626
0.0537305 0.00348705
0.0552522 0.0034545
0.0533721 0.00339925
0.0537483 0.00339024
0.0509623 0.00333168
0.0461895 0.0032213
0.0514957 0.00332999
0.0502171 0.00324546
0.0483976 0.00327735
0.048047 0.00318258
0.0471027 0.00317554
0.0442366 0.0031254
0.0398309 0.00291134
0.0464066 0.0030876
0.0471759 0.00309721
0.0378341 0.0028834
0.0428566 0.00304278
0.0413813 0.00294326
0.0440336 0.00316663
0.0396533 0.00278951
0.0423088 0.00291716
0.0464793 0.00309569
0.0412927 0.00294782
0.035894 0.00278041
0.0369956 0.0027859
0.0453479 0.00299853
0.0424918 0.00291947
0.0409511 0.00283413
0.0366752 0.00271297
0.0376013 0.00261959
0.0348046 0.00262812
0.0318742 0.00254426
0.0336297 0.0026631
0.0395328 0.00270761
0.0373055 0.00276133
0.0356397 0.00258738
0.028899 0.00247677
0.0406276 0.00277997
0.0358913 0.00262428
0.034403 0.00261082
0.0334292 0.00250937
0.0363015 0.00265149
0.0327955 0.00256567
0.0285998 0.00251385
0.0290492 0.00236024
0.0298458 0.0024025
0.0304231 0.00248202
0.0315265 0.00254473
0.0317301 0.002611
0.0329418 0.00258453
0.0279625 0.00245019
0.0281698 0.00244674
0.0325427 0.00255489
0.0298399 0.00243914
0.0300742 0.00246114
0.0324847 0.00257603
0.0267442 0.0023788
0.0308767 0.00249324
0.0310457 0.00247335
0.0306928 0.00244995
0.0270806 0.00231418
0.0297689 0.00246723
0.0240554 0.00229433
0.0344293 0.00259313
0.0242582 0.00231596
0.0296214 0.00241269
0.0279144 0.00238839
0.025568 0.00233224
0.0310094 0.00247426
0.0271974 0.0023342
0.0252186 0.00236049
0.0289353 0.00249454
0.0268028 0.00226496
0.0279739 0.00238518
0.0277268 0.00233321
0.0277639 0.0024458
0.0251823 0.00226061
0.0282272 0.00244488
0.0238237 0.00229353
0.0242182 0.00236448
0.0241193 0.00223478
0.0231422 0.00225935
0.0221884 0.00226019
0.0215382 0.00220218
0.0239136 0.00229517
0.0237651 0.00234879
0.0262476 0.00247236
0.0235189 0.00236814
0.0243077 0.00244252
0.0257682 0.0024265
0.023744 0.00243085
0.0226205 0.00248105
0.0218026 0.00250802
0.0241978 0.00251097
0.0246756 0.00250054
0.0257996 0.00256285
0.0234559 0.00246685
0.0236204 0.00250722
# Group 7
0.0191186 0.00170279
0.0238801 0.0018849
0.0208169 0.00170681
0.0218136 0.00182079
0.0211364 0.00175289
0.0225978 0.00183012
0.0210926 0.00172185
0.0193947 0.00170624
0.0228194 0.00180817
0.0235731 0.00187528
0.0237254 0.00185914
0.0230584 0.00189814
0.0199869 0.00176543
0.0247122 0.00194351
0.0237911 0.00191503
0.0216649 0.00189174
0.0223007 0.00188873
0.0252092 0.00193312
0.021636 0.0018238
0.0237602 0.00187561
0.0271714 0.00205159
0.0227665 0.00193184
0.0278634 0.00200216
0.0291264 0.00211266
0.0253428 0.00201494
0.026529 0.00207088
0.0271028 0.00198364
0.0253748 0.00196392
0.025514 0.00201629
0.0270337 0.0020645
0.0264276 0.00208537
0.0291876 0.00210353
0.0284737 0.00206397
0.025977 0.00202766
0.0269789 0.00208228
0.0300702 0.00211118
0.0303186 0.0022355
0.0285283 0.00207432
0.0275175 0.00209897
0.028247 0.00216312
0.0292625 0.00215993
0.0331533 0.00221879
0.0323462 0.00227754
0.0324648 0.00220914
0.031615 0.00218091
0.0348497 0.00231443
0.0365634 0.00231174
0.0354945 0.0023584
0.0297596 0.00220431
0.0356007 0.00236671
0.0349985 0.00229859
0.0329125 0.00228795
0.03062 0.00221417
0.0343894 0.002325
0.0340403 0.00228589
0.0372857 0.00240071
0.0371251 0.00242958
0.0385137 0.00244484
0.0380326 0.00243257
0.0409225 0.0024887
0.0384625 0.00244594
0.0355616 0.00236874
0.0417849 0.00247398
0.0427169 0.00250705
0.0353484 0.00240481
0.0370449 0.00246556
0.0424645 0.0025011
0.0411699 0.00248936
0.0395911 0.00245729
0.039903 0.00255339
0.0442811 0.00259817
0.0412066 0.00255012
0.0445111 0.00266095
0.0531226 0.00278885
0.0481359 0.00274893
0.0444933 0.00263455
0.0482231 0.00272
0.0418147 0.00257118
0.0449438 0.00271651
0.0437827 0.00266652
0.0436229 0.00266734
0.0453352 0.00265649
0.0513331 0.00279568
0.0453275 0.00263732
0.0490464 0.00272613
0.0484919 0.0027518
0.0583548 0.00297812
0.0568935 0.00290884
0.0513517 0.00284569
0.0550464 0.00294462
0.0570043 0.0029479
0.0554014 0.0028783
0.0602004 0.00299743
0.0560652 0.00293495
0.0576403 0.00297284
0.056869 0.00298307
0.0631456 0.00303092
0.0628721 0.00301521
0.0601237 0.00298232
0.0619633 0.00308165
0.0689492 0.0031785
0.0653416 0.00310366
0.0708279 0.00323453
0.075497 0.00329254
0.0773622 0.00334949
0.0822738 0.00340398
0.0765041 0.00329899
0.0838056 0.00348807
0.0846157 0.00349263
0.0821317 0.00345115
0.0911906 0.00355269
0.0922633 0.0036337
0.0934581 0.00364391
0.0955342 0.00366925
0.102153 0.00376531
0.111161 0.00395688
0.115901 0.00400493
0.118383 0.00409437
0.119521 0.00413739
0.125768 0.00419237
0.132412 0.00428398
0.144782 0.00448361
0.145706 0.0045136
0.159432 0.00469693
0.168145 0.00488925
0.163986 0.0047866
0.176084 0.00496637
0.187852 0.00509742
0.192471 0.00516787
0.208477 0.00539586
0.227034 0.00561918
0.25078 0.00589724
0.270405 0.00607312
0.292196 0.00638041
0.327305 0.00672356
0.346169 0.00695843
0.382937 0.00727899
0.443138 0.00787081
0.511533 0.00843773
0.631305 0.00940633
0.763615 0.0103918
0.95061 0.0116753
1.28026 0.0135758
1.74926 0.0159113
2.46002 0.0189423
3.67323 0.0231936
5.68519 0.0289826
8.86283 0.0363832
13.6661 0.0455012
19.0689 0.0539181
20.2384 0.0556236
13.9648 0.0459532
5.81127 0.029434
1.83916 0.0164555
0.865698 0.0109611
0.638171 0.00938153
0.538233 0.00866809
0.479453 0.00826402
0.459431 0.00819785
0.391987 0.00763648
0.370518 0.00728097
0.316544 0.00674552
0.286275 0.00632048
0.272852 0.00617237
0.26037 0.00599712
0.234769 0.00568309
0.206249 0.00538092
0.205768 0.00538236
0.18899 0.00513353
0.180813 0.00500465
0.167762 0.0048289
0.163852 0.00481323
0.157143 0.00472032
0.147775 0.00458706
0.136674 0.00440692
0.133723 0.00439284
0.128171 0.00429554
0.131806 0.0042985
0.12032 0.00417532
0.110508 0.00400186
0.109423 0.0039864
0.103769 0.00384538
0.103976 0.00390405
0.093778 0.00369425
0.0928202 0.00366739
0.0926655 0.00369863
0.0876779 0.00355358
0.0923227 0.00368244
0.084814 0.00353813
0.0803018 0.00344211
0.0809793 0.00343011
0.0751297 0.00332172
0.0769699 0.00334539
0.0730537 0.0033216
0.0753876 0.00336767
0.0705198 0.00324557
0.0693201 0.00321808
0.0639677 0.00313331
0.0651993 0.00314831
0.0628202 0.00308739
0.0621061 0.00305458
0.0595317 0.00304611
0.0600334 0.00301631
0.0625816 0.00311588
0.0599616 0.00301324
0.0561185 0.00292883
0.0578336 0.00295124
0.0573699 0.00295552
0.0550918 0.00289021
0.0558543 0.00288422
0.0480801 0.00278358
0.0519118 0.0028136
0.05159 0.00277655
0.0448242 0.00269237
0.0555548 0.00293252
0.0469759 0.00271143
0.0481838 0.00275133
0.0487286 0.00276508
0.0461112 0.00275167
0.0487329 0.00276451
0.0450406 0.00268908
0.0454832 0.00266042
0.0409208 0.00254796
0.043203 0.00261665
0.0424581 0.0026185
0.0410956 0.00257981
0.0431265 0.00263332
0.0411922 0.00255543
0.0407848 0.00263119
0.0415692 0.00263736
0.0398046 0.00256704
0.0427359 0.00263525
0.039117 0.00255709
0.0389146 0.00251501
0.0380969 0.00246291
0.0395642 0.00254691
0.0394456 0.00247097
0.0321972 0.00238399
0.0424934 0.00257995
0.0362237 0.00256284
0.033239 0.00240798
0.0390264 0.00254618
0.0337618 0.00241899
0.034547 0.00240658
0.0355414 0.00250254
0.0354916 0.00239778
0.0327976 0.00248735
0.035799 0.00244806
0.0353215 0.00248103
0.0339076 0.00244677
0.0367627 0.00248646
0.0332286 0.00240352
0.0338033 0.00238405
0.0361201 0.00253298
0.0390653 0.00253528
0.0359812 0.00246032
0.0306817 0.00233974
0.0307582 0.00236362
0.0293739 0.00238446
0.0274044 0.00228524
0.0327628 0.00238066
0.0311857 0.00240572
0.0373077 0.00251271
0.0296651 0.00231221
0.0317862 0.00233233
0.0341246 0.0024516
0.028022 0.00228028
0.0318777 0.0023471
0.0316144 0.00238204
0.0341033 0.00248428
0.0290916 0.00232966
0.0279353 0.00222119
0.029339 0.00226033
0.0300151 0.00245431
0.0298861 0.00237753
0.0300208 0.00234929
0.0287944 0.00239177
0.0268154 0.0022479
0.0285482 0.00235697
0.0246351 0.00215298
0.026142 0.00222966
0.0298072 0.00228849
0.0285359 0.00234608
0.0248831 0.00226571
0.0309967 0.00234825
0.0241771 0.00214372
0.0282147 0.0022681
0.0274494 0.00225446
0.0304975 0.00234061
0.0291254 0.00237872
0.0344099 0.0025255
0.0286971 0.00231401
0.0300286 0.00239183
0.0288109 0.00241638
0.0265618 0.00233749
0.0295727 0.00247616
0.026951 0.00241029
0.0338783 0.00265224
0.0290746 0.00242908
0.0263122 0.00246405
# Group 8
0.0234049 0.00193596
0.0207767 0.00177905
0.02196 0.00183626
0.0253674 0.00196958
0.0259366 0.00193969
0.0249073 0.00191836
0.0241228 0.00186942
0.0218558 0.00176984
0.0280428 0.00197174
0.0250655 0.0019339
0.0313252 0.00211767
0.0240007 0.00190351
0.0245537 0.00186355
0.0282464 0.00205623
0.026151 0.00197042
0.0293857 0.00203661
0.0286631 0.00204437
0.0304963 0.00205713
0.0279991 0.00203621
0.0298954 0.00208629
0.0296547 0.00210903
0.0293702 0.00212362
0.0315345 0.00216902
0.0262249 0.00196089
0.0276001 0.00202039
0.0280166 0.00203468
0.031899 0.00215236
0.0283472 0.00206918
0.0312499 0.00212793
0.0314777 0.00216225
0.0323059 0.0022454
0.0323152 0.00228903
0.0297062 0.00214932
0.0336892 0.00223695
0.0311115 0.00215101
0.0348528 0.00220862
0.031444 0.00214383
0.0285739 0.00206375
0.0318226 0.00217887
0.0341664 0.00222167
0.0374568 0.00229975
0.0300824 0.00210817
0.038033 0.00234058
0.0403199 0.00237039
0.03233 0.00220777
0.0365257 0.00229861
0.03391 0.00219904
0.0361035 0.00233202
0.0373743 0.00227667
0.0386017 0.00230651
0.0347946 0.00226111
0.0397026 0.00236209
0.0372056 0.00229717
0.044926 0.00248921
0.0406451 0.0023498
0.0386271 0.00237569
0.0405613 0.00242618
0.0398837 0.00244474
0.0445837 0.0024654
0.0409246 0.00242022
0.0416332 0.00244248
0.0437727 0.00247444
0.0456351 0.00250593
0.0434088 0.00242132
0.045505 0.00255747
0.0466104 0.00253312
0.0465234 0.00257192
0.0471702 0.0025239
0.0484654 0.00257187
0.0471829 0.00256913
0.0444816 0.00252829
0.0506553 0.002632
0.0549536 0.00271608
0.0448882 0.00255715
0.0530406 0.00267058
0.0537245 0.0026945
0.0510317 0.00263395
0.0549185 0.00271877
0.0528671 0.00269201
0.0529484 0.00267801
0.0563383 0.00280137
0.0586733 0.00282585
0.0546956 0.00274153
0.0561339 0.00282105
0.0596922 0.00284772
0.0593623 0.00282928
0.0616394 0.00285405
0.0572979 0.00280293
0.0640739 0.00293952
0.065042 0.00297225
0.0618412 0.00290199
0.0628684 0.00292568
0.0699844 0.00304154
0.0747296 0.00309752
0.0684844 0.00307158
0.0735509 0.0031316
0.0739923 0.00314743
0.0727321 0.00312918
0.0777016 0.00320767
0.0792526 0.00325605
0.0767712 0.00318365
0.0826705 0.0033116
0.0823556 0.00331279
0.0774977 0.00318856
0.0896666 0.00339791
0.0902837 0.00343623
0.0953405 0.0035336
0.0908422 0.00344559
0.102841 0.00362822
0.0990564 0.00360183
0.102205 0.00362663
0.10255 0.00366639
0.110617 0.00384206
0.111483 0.00383281
0.114404 0.00383787
0.121702 0.00392364
0.121843 0.00394795
0.12746 0.00406648
0.135077 0.004119
0.139644 0.00418128
0.151945 0.00435689
0.153553 0.0043416
0.160045 0.00448867
0.173951 0.00462735
0.188328 0.00479217
0.181695 0.00471568
0.196325 0.00486955
0.211204 0.00506812
0.213682 0.0051225
0.234765 0.00532694
0.257313 0.00553283
0.265476 0.00566718
0.283659 0.00581923
0.31674 0.00617973
0.355117 0.00650569
0.388277 0.00680005
0.43398 0.00722942
0.490928 0.00772203
0.568306 0.00838144
0.696359 0.00931809
0.832611 0.0102812
1.05752 0.0115848
1.37379 0.013106
1.79528 0.0149246
2.56668 0.0177629
3.76116 0.0216128
5.74913 0.0268421
8.94416 0.033787
13.7216 0.0422934
18.6309 0.0495334
19.4223 0.0505951
13.5298 0.0418192
6.09098 0.0276187
2.08652 0.0158688
0.94849 0.0104086
0.708262 0.00897675
0.593247 0.00823735
0.529324 0.00789675
0.494476 0.00771739
0.454363 0.00751678
0.404088 0.00716545
0.372082 0.00674589
0.332979 0.00627392
0.293101 0.00580666
0.276957 0.00564088
0.259787 0.0054675
0.246612 0.00531255
0.224805 0.00510749
0.213639 0.00498317
0.211068 0.00492894
0.193554 0.00473554
0.18652 0.00465626
0.169353 0.00448217
0.164939 0.00439417
0.165959 0.00444717
0.156664 0.00427052
0.145818 0.00415975
0.139669 0.00407374
0.135949 0.00401852
0.130291 0.00395843
0.127243 0.00388977
0.132945 0.00392352
0.119437 0.00379131
0.110026 0.00369029
0.104869 0.00358529
0.109076 0.0036222
0.100143 0.00351829
0.0989403 0.00349623
0.0933972 0.00343288
0.0973954 0.00347854
0.0885225 0.0033344
0.0928425 0.00334655
0.0806572 0.00322986
0.087343 0.00329205
0.0895342 0.00335047
0.0805113 0.0031594
0.0785835 0.00313034
0.0804665 0.00315711
0.0851348 0.00324157
0.0806332 0.00314101
0.0761132 0.00313553
0.0708671 0.00306061
0.0725843 0.0030791
0.0708923 0.00303117
0.0729482 0.00309617
0.0644357 0.00289906
0.0659358 0.00297281
0.0708338 0.00300516
0.067784 0.00292781
0.0656113 0.00295604
0.0632543 0.00285861
0.0652406 0.0028176
0.0688289 0.00294592
0.0621962 0.00288335
0.0555454 0.00277743
0.0603746 0.00279489
0.0595389 0.00285017
0.0563216 0.00275326
0.0520124 0.00268634
0.0618601 0.00282019
0.0588138 0.00276224
0.0519578 0.00266052
0.0523446 0.00268489
0.0543563 0.00273307
0.0568971 0.00273069
0.0547277 0.00265186
0.0496605 0.00260983
0.0514198 0.00269255
0.054365 0.00267497
0.0505359 0.00261653
0.0509392 0.00261064
0.0520322 0.00265056
0.0527755 0.00266556
0.0501729 0.00260719
0.0501473 0.002577
0.0510697 0.00261437
0.0489921 0.00256811
0.0467453 0.00251665
0.0512604 0.00259963
0.0507373 0.00260165
0.0464859 0.00249991
0.0449581 0.00248125
0.0466253 0.00249367
0.0456093 0.00250407
0.0428814 0.00241467
0.0421217 0.00244501
0.0458668 0.00244027
0.0404916 0.00240169
0.0487303 0.00253644
0.0433275 0.00246788
0.0451978 0.00246595
0.0438568 0.00244742
0.0388398 0.0023513
0.0409381 0.00243273
0.0495979 0.00255616
0.0409156 0.00239886
0.0449389 0.00244102
0.0382625 0.00231456
0.0415068 0.00236028
0.0448288 0.00244555
0.0433177 0.00243922
0.0408196 0.00231598
0.0403256 0.0023503
0.0373814 0.00230508
0.0380809 0.00234083
0.0364813 0.00230253
0.0428627 0.002325
0.0441219 0.00243245
0.0414553 0.00238394
0.0411113 0.00228396
0.0395273 0.00230251
0.0394886 0.0023321
0.0421938 0.00238385
0.0401426 0.00233379
0.0389759 0.0023268
0.0386962 0.00233147
0.0395025 0.00232825
0.0367569 0.00232249
0.036935 0.00228475
0.0420944 0.00236588
0.0387732 0.00230752
0.0346148 0.0022363
0.0380485 0.0024025
0.0407159 0.0023589
0.0376065 0.00233644
0.0403739 0.00237758
0.0371689 0.00227913
0.0412204 0.00238965
0.0405101 0.00230513
0.0386769 0.00236287
0.0352459 0.00231442
0.0349802 0.00234442
0.0321119 0.00234279
0.0384374 0.00243348
0.0372424 0.00243923
0.0333176 0.00236516
0.0362117 0.00247261
0.0366115 0.00250442
0.0321756 0.0024552
0.0409873 0.00261037
